Comp1-1	Comp1-2	Comp1-3	Mix1	Comp2-1	Comp2-2	Comp2-3	Mix2
0.00000000	0.00000000	0.00000000	0.00000000	0.00000000	0.00000000	0.00000000	0.00000000
0.00000000	0.00000000	0.00000000	0.00000000	0.00000000	0.00000000	0.00000000	0.00000000
0.00000000	0.00006814	0.00005121	3.00000000	0.00000000	0.00005393	0.00003552	7.00000000
0.00000000	0.00006792	0.00005121	3.00000000	0.00000000	0.00005369	0.00003552	2.00000000
0.00000000	0.00006770	0.00005121	1.00000000	0.00000000	0.00005344	0.00003552	11.00000000
0.00000000	0.00006749	0.00005121	3.00000000	0.00000000	0.00005320	0.00003552	7.00000000
0.00000000	0.00006727	0.00005121	5.00000000	0.00000000	0.00005297	0.00003552	9.00000000
0.00000000	0.00006706	0.00005121	2.00000000	0.00000000	0.00005273	0.00003552	5.00000000
0.00000000	0.00006686	0.00005121	2.00000000	0.00000000	0.00005250	0.00003552	10.00000000
0.00000000	0.00006665	0.00005121	1.00000000	0.00000000	0.00005228	0.00003552	12.00000000
0.00000000	0.00006645	0.00005121	4.00000000	0.00000000	0.00005205	0.00003552	5.00000000
0.00000000	0.00006625	0.00005121	3.00000000	0.00000000	0.00005183	0.00003552	7.00000000
0.00000934	0.00006605	0.00005121	13.00000000	0.00000699	0.00005161	0.00003552	23.00000000
0.00001402	0.00006586	0.00005121	37.00000000	0.00001747	0.00005140	0.00003552	49.00000000
0.00013548	0.00006567	0.00005121	209.00000000	0.00011880	0.00005118	0.00003552	274.00000000
0.00039709	0.00006548	0.00005121	811.00000000	0.00040533	0.00005097	0.00003552	1137.00000000
0.00133143	0.00006981	0.00006300	2778.00000000	0.00140467	0.00005620	0.00004989	3822.00000000
0.00438672	0.00011573	0.00018305	8640.00000000	0.00483597	0.00010746	0.00018558	11357.00000000
0.01119806	0.00025388	0.00054111	21844.00000000	0.01094382	0.00024008	0.00053334	29146.00000000
0.02458247	0.00057260	0.00136251	48228.00000000	0.02458515	0.00055420	0.00135315	64393.00000000
0.04683376	0.00119031	0.00294613	92465.00000000	0.04657412	0.00115953	0.00292470	124011.00000000
0.07894700	0.00223737	0.00561561	155620.00000000	0.07936014	0.00219725	0.00560479	207112.00000000
0.11466212	0.00375703	0.00946035	223208.00000000	0.11307912	0.00367413	0.00938733	296977.00000000
0.14124407	0.00561838	0.01411357	278992.00000000	0.14075663	0.00550318	0.01401882	370218.00000000
0.15035855	0.00757865	0.01892510	300270.00000000	0.15165852	0.00745434	0.01887361	401056.00000000
0.14101983	0.00938494	0.02323288	279960.00000000	0.14236746	0.00925471	0.02322684	374102.00000000
0.11471351	0.01080806	0.02645132	226473.00000000	0.11421124	0.01065288	0.02642641	302789.00000000
0.07975053	0.01173521	0.02831131	157978.00000000	0.07863684	0.01155455	0.02824973	211734.00000000
0.04797832	0.01221663	0.02897480	95965.00000000	0.04801023	0.01203278	0.02892115	128690.00000000
0.02469459	0.01237410	0.02878640	50725.00000000	0.02481926	0.01219310	0.02874540	68265.00000000
0.01120273	0.01234552	0.02812479	23362.00000000	0.01141903	0.01217127	0.02810007	31763.00000000
0.00441475	0.01222479	0.02724531	9536.00000000	0.00468921	0.01205932	0.02723862	14226.00000000
0.00151830	0.01206623	0.02629416	3825.00000000	0.00155142	0.01190671	0.02629622	6351.00000000
0.00046250	0.01190275	0.02535848	1790.00000000	0.00038786	0.01174872	0.02536756	3572.00000000
0.00011212	0.01174150	0.02445616	1107.00000000	0.00011880	0.01159283	0.02447174	2672.00000000
0.00002336	0.01158245	0.02358602	920.00000000	0.00003844	0.01143902	0.02360760	2368.00000000
0.00000934	0.01142556	0.02274690	900.00000000	0.00000000	0.01128725	0.02277401	2192.00000000
0.00000000	0.01127080	0.02193770	852.00000000	0.00000349	0.01113751	0.02196990	2205.00000000
0.00000000	0.01111815	0.02115736	818.00000000	0.00000000	0.01098975	0.02119423	2181.00000000
0.00000000	0.01096758	0.02040483	804.00000000	0.00000000	0.01084396	0.02044598	2054.00000000
0.00000000	0.01081905	0.01967914	782.00000000	0.00000000	0.01070011	0.01972419	2005.00000000
0.00000000	0.01067255	0.01897932	792.00000000	0.00000000	0.01055817	0.01902793	1954.00000000
0.00000000	0.01052804	0.01830445	729.00000000	0.00000000	0.01041812	0.01835629	1956.00000000
0.00000000	0.01038550	0.01765365	740.00000000	0.00000000	0.01027993	0.01770839	1836.00000000
0.00000000	0.01024490	0.01702605	756.00000000	0.00000000	0.01014359	0.01708341	1873.00000000
0.00000000	0.01010621	0.01642083	698.00000000	0.00000000	0.01000905	0.01648053	1841.00000000
0.00000000	0.00996941	0.01583718	706.00000000	0.00000000	0.00987631	0.01589897	1797.00000000
0.00000000	0.00983447	0.01527435	680.00000000	0.00000000	0.00974533	0.01533797	1730.00000000
0.00000000	0.00970136	0.01473158	653.00000000	0.00000000	0.00961610	0.01479681	1700.00000000
0.00000000	0.00957007	0.01420817	601.00000000	0.00000000	0.00948858	0.01427479	1633.00000000
0.00000000	0.00944056	0.01370342	611.00000000	0.00000000	0.00936276	0.01377123	1622.00000000
0.00000000	0.00931282	0.01321666	632.00000000	0.00000000	0.00923861	0.01328547	1588.00000000
0.00000000	0.00918681	0.01274726	626.00000000	0.00000000	0.00911612	0.01281689	1579.00000000
0.00000000	0.00906252	0.01229460	653.00000000	0.00000000	0.00899525	0.01236488	1513.00000000
0.00000000	0.00893992	0.01185807	597.00000000	0.00000000	0.00887600	0.01192886	1576.00000000
0.00000000	0.00881899	0.01143711	535.00000000	0.00000000	0.00875833	0.01150825	1470.00000000
0.00000000	0.00869971	0.01103116	586.00000000	0.00000000	0.00864222	0.01110252	1419.00000000
0.00000000	0.00858204	0.01063968	532.00000000	0.00000000	0.00852766	0.01071114	1392.00000000
0.00000000	0.00846598	0.01026216	507.00000000	0.00000000	0.00841463	0.01033360	1338.00000000
0.00000000	0.00835150	0.00989811	511.00000000	0.00000000	0.00830310	0.00996940	1364.00000000
0.00000000	0.00823858	0.00954703	532.00000000	0.00000000	0.00819305	0.00961809	1301.00000000
0.00000000	0.00812719	0.00920847	503.00000000	0.00000000	0.00808447	0.00927920	1229.00000000
0.00000000	0.00801732	0.00888198	486.00000000	0.00000000	0.00797733	0.00895230	1242.00000000
0.00000000	0.00790894	0.00856713	491.00000000	0.00000000	0.00787161	0.00863695	1223.00000000
0.00000000	0.00780204	0.00826350	516.00000000	0.00000000	0.00776731	0.00833276	1230.00000000
0.00000000	0.00769659	0.00797071	444.00000000	0.00000000	0.00766439	0.00803932	1198.00000000
0.00000000	0.00759258	0.00768835	454.00000000	0.00000000	0.00756284	0.00775626	1117.00000000
0.00000000	0.00748998	0.00741606	435.00000000	0.00000000	0.00746264	0.00748321	1148.00000000
0.00000000	0.00738878	0.00715347	440.00000000	0.00000000	0.00736377	0.00721982	1082.00000000
0.00000000	0.00728896	0.00690025	445.00000000	0.00000000	0.00726622	0.00696574	1044.00000000
0.00000000	0.00719049	0.00665606	482.00000000	0.00000000	0.00716997	0.00672065	1074.00000000
0.00000000	0.00709336	0.00642057	422.00000000	0.00000000	0.00707500	0.00648422	1064.00000000
0.00000000	0.00699756	0.00619348	444.00000000	0.00000000	0.00698129	0.00625616	1028.00000000
0.00000000	0.00690306	0.00597449	398.00000000	0.00000000	0.00688883	0.00603616	1020.00000000
0.00000000	0.00680985	0.00576331	398.00000000	0.00000000	0.00679760	0.00582394	1012.00000000
0.00000000	0.00671790	0.00555965	370.00000000	0.00000000	0.00670759	0.00561922	1036.00000000
0.00000000	0.00662720	0.00536326	381.00000000	0.00000000	0.00661877	0.00542175	944.00000000
0.00000000	0.00653774	0.00517386	376.00000000	0.00000000	0.00653113	0.00523125	975.00000000
0.00000000	0.00644950	0.00499122	389.00000000	0.00000000	0.00644466	0.00504750	890.00000000
0.00000000	0.00636246	0.00481510	328.00000000	0.00000000	0.00635934	0.00487024	927.00000000
0.00000000	0.00627660	0.00464525	408.00000000	0.00000000	0.00627515	0.00469925	890.00000000
0.00000000	0.00619191	0.00448146	341.00000000	0.00000000	0.00619209	0.00453431	856.00000000
0.00000000	0.00610837	0.00432350	340.00000000	0.00000000	0.00611013	0.00437520	852.00000000
0.00000000	0.00602597	0.00417118	310.00000000	0.00000000	0.00602926	0.00422172	841.00000000
0.00000000	0.00594469	0.00402429	327.00000000	0.00000000	0.00594947	0.00407367	800.00000000
0.00000000	0.00586452	0.00388264	356.00000000	0.00000000	0.00587074	0.00393085	812.00000000
0.00000000	0.00578543	0.00374604	279.00000000	0.00000000	0.00579306	0.00379309	782.00000000
0.00000000	0.00570743	0.00361431	305.00000000	0.00000000	0.00571641	0.00366019	775.00000000
0.00000000	0.00563048	0.00348727	319.00000000	0.00000000	0.00564078	0.00353200	768.00000000
0.00000000	0.00555458	0.00336477	304.00000000	0.00000000	0.00556615	0.00340833	759.00000000
0.00000000	0.00547972	0.00324663	289.00000000	0.00000000	0.00549252	0.00328905	783.00000000
0.00000000	0.00540587	0.00313270	280.00000000	0.00000000	0.00541987	0.00317398	700.00000000
0.00000000	0.00533303	0.00302284	296.00000000	0.00000000	0.00534819	0.00306298	725.00000000
0.00000000	0.00526118	0.00291689	294.00000000	0.00000000	0.00527746	0.00295590	711.00000000
0.00000000	0.00519030	0.00281472	255.00000000	0.00000000	0.00520767	0.00285262	662.00000000
0.00000000	0.00512039	0.00271619	249.00000000	0.00000000	0.00513881	0.00275298	699.00000000
0.00000000	0.00505144	0.00262118	266.00000000	0.00000000	0.00507087	0.00265687	705.00000000
0.00000000	0.00498342	0.00252955	236.00000000	0.00000000	0.00500383	0.00256416	675.00000000
0.00000000	0.00491632	0.00244119	278.00000000	0.00000000	0.00493768	0.00247473	619.00000000
0.00000000	0.00485014	0.00235598	257.00000000	0.00000000	0.00487242	0.00238846	645.00000000
0.00000000	0.00478486	0.00227381	229.00000000	0.00000000	0.00480802	0.00230524	641.00000000
0.00000000	0.00472047	0.00219457	231.00000000	0.00000000	0.00474448	0.00222496	591.00000000
0.00000000	0.00465695	0.00211815	231.00000000	0.00000000	0.00468178	0.00214752	644.00000000
0.00000000	0.00459430	0.00204446	227.00000000	0.00000000	0.00461992	0.00207282	638.00000000
0.00000000	0.00453250	0.00197340	242.00000000	0.00000000	0.00455888	0.00200077	608.00000000
0.00000000	0.00447154	0.00190487	241.00000000	0.00000000	0.00449866	0.00193126	579.00000000
0.00000000	0.00441142	0.00183878	241.00000000	0.00000000	0.00443923	0.00186421	538.00000000
0.00000000	0.00435210	0.00177505	253.00000000	0.00000000	0.00438060	0.00179953	540.00000000
0.00000000	0.00429360	0.00171359	200.00000000	0.00000000	0.00432275	0.00173714	565.00000000
0.00000000	0.00423589	0.00165432	206.00000000	0.00000000	0.00426566	0.00167696	556.00000000
0.00000000	0.00417897	0.00159716	180.00000000	0.00000000	0.00420934	0.00161890	513.00000000
0.00000000	0.00412282	0.00154205	200.00000000	0.00000000	0.00415377	0.00156290	505.00000000
0.00000000	0.00406744	0.00148890	204.00000000	0.00000000	0.00409893	0.00150888	514.00000000
0.00000000	0.00401281	0.00143764	211.00000000	0.00000000	0.00404483	0.00145676	524.00000000
0.00000000	0.00395892	0.00138821	216.00000000	0.00000000	0.00399145	0.00140650	499.00000000
0.00000000	0.00390577	0.00134054	206.00000000	0.00000000	0.00393877	0.00135801	495.00000000
0.00000000	0.00385334	0.00129457	200.00000000	0.00000000	0.00388680	0.00131123	451.00000000
0.00000000	0.00380162	0.00125025	166.00000000	0.00000000	0.00383552	0.00126611	458.00000000
0.00000000	0.00375060	0.00120750	177.00000000	0.00000000	0.00378492	0.00122258	474.00000000
0.00000000	0.00370028	0.00116627	187.00000000	0.00000000	0.00373500	0.00118060	475.00000000
0.00000000	0.00365065	0.00112652	182.00000000	0.00000000	0.00368574	0.00114010	441.00000000
0.00000000	0.00360169	0.00108818	160.00000000	0.00000000	0.00363713	0.00110103	414.00000000
0.00000000	0.00355340	0.00105121	161.00000000	0.00000000	0.00358917	0.00106334	398.00000000
0.00000000	0.00350576	0.00101556	131.00000000	0.00000000	0.00354185	0.00102699	401.00000000
0.00000000	0.00345877	0.00098118	171.00000000	0.00000000	0.00349516	0.00099192	424.00000000
0.00000000	0.00341242	0.00094802	173.00000000	0.00000000	0.00344910	0.00095809	413.00000000
0.00000000	0.00336670	0.00091605	164.00000000	0.00000000	0.00340364	0.00092546	390.00000000
0.00000000	0.00332161	0.00088522	167.00000000	0.00000000	0.00335879	0.00089398	390.00000000
0.00000000	0.00327713	0.00085548	161.00000000	0.00000000	0.00331454	0.00086362	405.00000000
0.00000000	0.00323325	0.00082681	134.00000000	0.00000000	0.00327087	0.00083433	390.00000000
0.00000000	0.00318997	0.00079916	170.00000000	0.00000000	0.00322779	0.00080607	362.00000000
0.00000000	0.00314728	0.00077249	143.00000000	0.00000000	0.00318528	0.00077882	358.00000000
0.00000000	0.00310516	0.00074678	134.00000000	0.00000000	0.00314334	0.00075253	376.00000000
0.00000000	0.00306363	0.00072198	137.00000000	0.00000000	0.00310195	0.00072717	378.00000000
0.00000000	0.00302265	0.00069806	148.00000000	0.00000000	0.00306112	0.00070270	357.00000000
0.00000000	0.00298224	0.00067500	149.00000000	0.00000000	0.00302083	0.00067910	352.00000000
0.00000000	0.00294237	0.00065276	143.00000000	0.00000000	0.00298107	0.00065634	339.00000000
0.00000000	0.00290305	0.00063132	148.00000000	0.00000000	0.00294185	0.00063438	340.00000000
0.00000000	0.00286426	0.00061063	145.00000000	0.00000000	0.00290314	0.00061320	306.00000000
0.00000000	0.00282600	0.00059069	124.00000000	0.00000000	0.00286496	0.00059276	312.00000000
0.00000000	0.00278826	0.00057146	118.00000000	0.00000000	0.00282728	0.00057305	297.00000000
0.00000000	0.00275104	0.00055291	129.00000000	0.00000000	0.00279010	0.00055404	325.00000000
0.00000000	0.00271432	0.00053502	106.00000000	0.00000000	0.00275342	0.00053570	289.00000000
0.00000000	0.00267810	0.00051777	118.00000000	0.00000000	0.00271722	0.00051801	266.00000000
0.00000000	0.00264237	0.00050114	100.00000000	0.00000000	0.00268151	0.00050094	300.00000000
0.00000000	0.00260713	0.00048510	115.00000000	0.00000000	0.00264627	0.00048448	304.00000000
0.00000000	0.00257237	0.00046963	111.00000000	0.00000000	0.00261150	0.00046860	302.00000000
0.00000000	0.00253808	0.00045471	125.00000000	0.00000000	0.00257720	0.00045328	307.00000000
0.00000000	0.00250426	0.00044033	110.00000000	0.00000000	0.00254335	0.00043850	289.00000000
0.00000000	0.00247089	0.00042645	121.00000000	0.00000000	0.00250995	0.00042425	260.00000000
0.00000000	0.00243799	0.00041308	122.00000000	0.00000000	0.00247699	0.00041050	277.00000000
0.00000000	0.00240553	0.00040018	113.00000000	0.00000000	0.00244448	0.00039723	267.00000000
0.00000000	0.00237351	0.00038773	104.00000000	0.00000000	0.00241240	0.00038444	276.00000000
0.00000000	0.00234192	0.00037574	110.00000000	0.00000000	0.00238074	0.00037210	251.00000000
0.00000000	0.00231077	0.00036417	122.00000000	0.00000000	0.00234951	0.00036019	288.00000000
0.00000000	0.00228004	0.00035301	100.00000000	0.00000000	0.00231869	0.00034871	288.00000000
0.00000000	0.00224973	0.00034225	94.00000000	0.00000000	0.00228828	0.00033763	253.00000000
0.00000000	0.00221983	0.00033187	114.00000000	0.00000000	0.00225828	0.00032694	249.00000000
0.00000000	0.00219034	0.00032187	101.00000000	0.00000000	0.00222867	0.00031663	275.00000000
0.00000000	0.00216125	0.00031222	98.00000000	0.00000000	0.00219946	0.00030669	253.00000000
0.00000000	0.00213255	0.00030291	107.00000000	0.00000000	0.00217064	0.00029710	251.00000000
0.00000000	0.00210425	0.00029394	98.00000000	0.00000000	0.00214221	0.00028784	250.00000000
0.00000000	0.00207633	0.00028529	116.00000000	0.00000000	0.00211415	0.00027892	238.00000000
0.00000000	0.00204879	0.00027694	108.00000000	0.00000000	0.00208646	0.00027031	245.00000000
0.00000000	0.00202162	0.00026889	82.00000000	0.00000000	0.00205915	0.00026200	255.00000000
0.00000000	0.00199483	0.00026113	97.00000000	0.00000000	0.00203219	0.00025399	230.00000000
0.00000000	0.00196839	0.00025365	101.00000000	0.00000000	0.00200560	0.00024626	226.00000000
0.00000000	0.00194232	0.00024643	85.00000000	0.00000000	0.00197936	0.00023881	224.00000000
0.00000000	0.00191661	0.00023947	90.00000000	0.00000000	0.00195347	0.00023162	223.00000000
0.00000000	0.00189124	0.00023276	94.00000000	0.00000000	0.00192792	0.00022468	226.00000000
0.00000000	0.00186622	0.00022629	88.00000000	0.00000000	0.00190272	0.00021799	216.00000000
0.00000000	0.00184154	0.00022005	90.00000000	0.00000000	0.00187785	0.00021154	212.00000000
0.00000000	0.00181719	0.00021403	83.00000000	0.00000000	0.00185331	0.00020531	226.00000000
0.00000000	0.00179318	0.00020822	84.00000000	0.00000000	0.00182910	0.00019930	191.00000000
0.00000000	0.00176949	0.00020262	72.00000000	0.00000000	0.00180521	0.00019351	202.00000000
0.00000000	0.00174612	0.00019723	89.00000000	0.00000000	0.00178164	0.00018792	206.00000000
0.00000000	0.00172307	0.00019202	73.00000000	0.00000000	0.00175838	0.00018253	184.00000000
0.00000000	0.00170034	0.00018700	83.00000000	0.00000000	0.00173543	0.00017733	212.00000000
0.00000000	0.00167792	0.00018216	65.00000000	0.00000000	0.00171279	0.00017231	176.00000000
0.00000000	0.00165580	0.00017749	84.00000000	0.00000000	0.00169045	0.00016747	183.00000000
0.00000000	0.00163398	0.00017299	71.00000000	0.00000000	0.00166840	0.00016281	176.00000000
0.00000000	0.00161246	0.00016865	72.00000000	0.00000000	0.00164665	0.00015830	180.00000000
0.00000000	0.00159123	0.00016446	84.00000000	0.00000000	0.00162519	0.00015396	191.00000000
0.00000000	0.00157029	0.00016042	74.00000000	0.00000000	0.00160402	0.00014977	198.00000000
0.00000000	0.00154963	0.00015653	68.00000000	0.00000000	0.00158312	0.00014573	153.00000000
0.00000000	0.00152926	0.00015278	60.00000000	0.00000000	0.00156251	0.00014183	154.00000000
0.00000000	0.00150916	0.00014915	74.00000000	0.00000000	0.00154217	0.00013807	172.00000000
0.00000000	0.00148933	0.00014566	63.00000000	0.00000000	0.00152210	0.00013444	164.00000000
0.00000000	0.00146978	0.00014230	67.00000000	0.00000000	0.00150229	0.00013094	142.00000000
0.00000000	0.00145049	0.00013905	62.00000000	0.00000000	0.00148276	0.00012757	157.00000000
0.00000000	0.00143147	0.00013592	60.00000000	0.00000000	0.00146348	0.00012431	156.00000000
0.00000000	0.00141270	0.00013290	68.00000000	0.00000000	0.00144446	0.00012117	153.00000000
0.00000000	0.00139419	0.00012999	52.00000000	0.00000000	0.00142569	0.00011814	131.00000000
0.00000000	0.00137593	0.00012718	67.00000000	0.00000000	0.00140717	0.00011522	152.00000000
0.00000000	0.00135792	0.00012447	47.00000000	0.00000000	0.00138890	0.00011240	163.00000000
0.00000000	0.00134015	0.00012186	54.00000000	0.00000000	0.00137087	0.00010968	135.00000000
0.00000000	0.00132263	0.00011934	60.00000000	0.00000000	0.00135308	0.00010705	131.00000000
0.00000000	0.00130534	0.00011691	54.00000000	0.00000000	0.00133553	0.00010452	127.00000000
0.00000000	0.00128829	0.00011457	49.00000000	0.00000000	0.00131821	0.00010208	125.00000000
0.00000000	0.00127147	0.00011231	56.00000000	0.00000000	0.00130112	0.00009973	133.00000000
0.00000000	0.00125488	0.00011013	54.00000000	0.00000000	0.00128426	0.00009746	140.00000000
0.00000000	0.00123852	0.00010803	60.00000000	0.00000000	0.00126763	0.00009526	112.00000000
0.00000000	0.00122237	0.00010600	64.00000000	0.00000000	0.00125121	0.00009315	148.00000000
0.00000000	0.00120645	0.00010405	65.00000000	0.00000000	0.00123502	0.00009111	95.00000000
0.00000000	0.00119075	0.00010217	41.00000000	0.00000000	0.00121904	0.00008915	131.00000000
0.00000000	0.00117525	0.00010035	49.00000000	0.00000000	0.00120327	0.00008725	115.00000000
0.00000000	0.00115997	0.00009860	39.00000000	0.00000000	0.00118771	0.00008542	148.00000000
0.00000000	0.00114490	0.00009691	56.00000000	0.00000000	0.00117236	0.00008365	136.00000000
0.00000000	0.00113003	0.00009528	46.00000000	0.00000000	0.00115722	0.00008195	130.00000000
0.00000000	0.00111536	0.00009371	41.00000000	0.00000000	0.00114227	0.00008031	137.00000000
0.00000000	0.00110090	0.00009219	44.00000000	0.00000000	0.00112753	0.00007872	113.00000000
0.00000000	0.00108663	0.00009073	40.00000000	0.00000000	0.00111298	0.00007719	120.00000000
0.00000000	0.00107255	0.00008932	44.00000000	0.00000000	0.00109863	0.00007572	123.00000000
0.00000000	0.00105867	0.00008797	51.00000000	0.00000000	0.00108446	0.00007430	109.00000000
0.00000000	0.00104497	0.00008665	41.00000000	0.00000000	0.00107049	0.00007293	117.00000000
0.00000000	0.00103146	0.00008539	44.00000000	0.00000000	0.00105670	0.00007160	102.00000000
0.00000000	0.00101814	0.00008417	42.00000000	0.00000000	0.00104309	0.00007033	101.00000000
0.00000000	0.00100500	0.00008300	38.00000000	0.00000000	0.00102967	0.00006909	113.00000000
0.00000000	0.00099203	0.00008186	40.00000000	0.00000000	0.00101642	0.00006791	108.00000000
0.00000000	0.00097924	0.00008077	44.00000000	0.00000000	0.00100336	0.00006676	118.00000000
0.00000000	0.00096663	0.00007972	38.00000000	0.00000000	0.00099046	0.00006566	94.00000000
0.00000000	0.00095418	0.00007870	47.00000000	0.00000000	0.00097774	0.00006459	111.00000000
0.00000000	0.00094191	0.00007772	49.00000000	0.00000000	0.00096518	0.00006356	95.00000000
0.00000000	0.00092980	0.00007678	43.00000000	0.00000000	0.00095280	0.00006257	103.00000000
0.00000000	0.00091786	0.00007586	29.00000000	0.00000000	0.00094058	0.00006161	102.00000000
0.00000000	0.00090608	0.00007499	41.00000000	0.00000000	0.00092852	0.00006069	106.00000000
0.00000000	0.00089446	0.00007414	37.00000000	0.00000000	0.00091662	0.00005980	93.00000000
0.00000000	0.00088300	0.00007332	49.00000000	0.00000000	0.00090488	0.00005894	76.00000000
0.00000000	0.00087169	0.00007253	37.00000000	0.00000000	0.00089330	0.00005811	87.00000000
0.00000000	0.00086054	0.00007177	33.00000000	0.00000000	0.00088187	0.00005731	95.00000000
0.00000000	0.00084954	0.00007104	37.00000000	0.00000000	0.00087059	0.00005654	89.00000000
0.00000000	0.00083869	0.00007033	31.00000000	0.00000000	0.00085946	0.00005580	69.00000000
0.00000000	0.00082799	0.00006965	31.00000000	0.00000000	0.00084849	0.00005508	103.00000000
0.00000000	0.00081743	0.00006899	37.00000000	0.00000000	0.00083765	0.00005439	91.00000000
0.00000000	0.00080702	0.00006836	44.00000000	0.00000000	0.00082697	0.00005372	89.00000000
0.00000000	0.00079675	0.00006775	37.00000000	0.00000000	0.00081642	0.00005307	84.00000000
0.00000000	0.00078661	0.00006716	41.00000000	0.00000000	0.00080601	0.00005245	106.00000000
0.00000000	0.00077662	0.00006659	26.00000000	0.00000000	0.00079575	0.00005185	74.00000000
0.00000000	0.00076676	0.00006604	39.00000000	0.00000000	0.00078562	0.00005128	105.00000000
0.00000000	0.00075704	0.00006551	30.00000000	0.00000000	0.00077562	0.00005072	88.00000000
0.00000000	0.00074744	0.00006500	38.00000000	0.00000000	0.00076576	0.00005018	71.00000000
0.00000000	0.00073798	0.00006451	27.00000000	0.00000000	0.00075603	0.00004966	63.00000000
0.00000000	0.00072865	0.00006404	28.00000000	0.00000000	0.00074643	0.00004916	72.00000000
0.00000000	0.00071944	0.00006358	25.00000000	0.00000000	0.00073696	0.00004868	71.00000000
0.00000000	0.00071036	0.00006314	28.00000000	0.00000000	0.00072761	0.00004821	65.00000000
0.00000000	0.00070141	0.00006271	28.00000000	0.00000000	0.00071839	0.00004776	71.00000000
0.00000000	0.00069257	0.00006230	37.00000000	0.00000000	0.00070929	0.00004733	70.00000000
0.00000000	0.00068386	0.00006191	29.00000000	0.00000000	0.00070031	0.00004691	79.00000000
0.00000000	0.00067526	0.00006153	31.00000000	0.00000000	0.00069145	0.00004651	71.00000000
0.00000000	0.00066678	0.00006116	29.00000000	0.00000000	0.00068271	0.00004612	70.00000000
0.00000000	0.00065842	0.00006080	24.00000000	0.00000000	0.00067409	0.00004575	53.00000000
0.00000000	0.00065017	0.00006046	29.00000000	0.00000000	0.00066558	0.00004538	71.00000000
0.00000000	0.00064203	0.00006013	26.00000000	0.00000000	0.00065718	0.00004503	71.00000000
0.00000000	0.00063400	0.00005981	21.00000000	0.00000000	0.00064890	0.00004470	68.00000000
0.00000000	0.00062608	0.00005951	36.00000000	0.00000000	0.00064072	0.00004437	69.00000000
0.00000000	0.00061827	0.00005921	24.00000000	0.00000000	0.00063266	0.00004406	54.00000000
0.00000000	0.00061057	0.00005893	23.00000000	0.00000000	0.00062470	0.00004376	42.00000000
0.00000000	0.00060297	0.00005865	25.00000000	0.00000000	0.00061685	0.00004347	49.00000000
0.00000000	0.00059547	0.00005839	30.00000000	0.00000000	0.00060910	0.00004318	51.00000000
0.00000000	0.00058808	0.00005813	21.00000000	0.00000000	0.00060146	0.00004291	57.00000000
0.00000000	0.00058078	0.00005788	30.00000000	0.00000000	0.00059392	0.00004265	74.00000000
0.00000000	0.00057359	0.00005765	16.00000000	0.00000000	0.00058647	0.00004240	58.00000000
0.00000000	0.00056649	0.00005742	23.00000000	0.00000000	0.00057913	0.00004216	54.00000000
0.00000000	0.00055949	0.00005720	23.00000000	0.00000000	0.00057189	0.00004192	58.00000000
0.00000000	0.00055259	0.00005698	26.00000000	0.00000000	0.00056474	0.00004169	49.00000000
0.00000000	0.00054578	0.00005678	18.00000000	0.00000000	0.00055769	0.00004148	61.00000000
0.00000000	0.00053906	0.00005658	18.00000000	0.00000000	0.00055073	0.00004126	55.00000000
0.00000000	0.00053243	0.00005639	30.00000000	0.00000000	0.00054386	0.00004106	61.00000000
0.00000000	0.00052589	0.00005620	20.00000000	0.00000000	0.00053709	0.00004087	68.00000000
0.00000000	0.00051945	0.00005602	24.00000000	0.00000000	0.00053040	0.00004068	65.00000000
0.00000000	0.00051309	0.00005585	26.00000000	0.00000000	0.00052381	0.00004049	55.00000000
0.00000000	0.00050681	0.00005569	20.00000000	0.00000000	0.00051730	0.00004032	52.00000000
0.00000000	0.00050062	0.00005553	20.00000000	0.00000000	0.00051088	0.00004015	49.00000000
0.00000000	0.00049452	0.00005537	26.00000000	0.00000000	0.00050454	0.00003998	60.00000000
0.00000000	0.00048850	0.00005523	15.00000000	0.00000000	0.00049829	0.00003983	50.00000000
0.00000000	0.00048256	0.00005508	18.00000000	0.00000000	0.00049212	0.00003967	46.00000000
0.00000000	0.00047670	0.00005494	21.00000000	0.00000000	0.00048604	0.00003953	49.00000000
0.00000000	0.00047092	0.00005481	20.00000000	0.00000000	0.00048003	0.00003938	49.00000000
0.00000000	0.00046522	0.00005468	19.00000000	0.00000000	0.00047411	0.00003925	44.00000000
0.00000000	0.00045960	0.00005456	20.00000000	0.00000000	0.00046826	0.00003912	45.00000000
0.00000000	0.00045405	0.00005444	14.00000000	0.00000000	0.00046250	0.00003899	28.00000000
0.00000000	0.00044858	0.00005432	20.00000000	0.00000000	0.00045680	0.00003887	46.00000000
0.00000000	0.00044319	0.00005421	21.00000000	0.00000000	0.00045119	0.00003875	46.00000000
0.00000000	0.00043786	0.00005411	9.00000000	0.00000000	0.00044565	0.00003863	34.00000000
0.00000000	0.00043261	0.00005400	15.00000000	0.00000000	0.00044018	0.00003852	44.00000000
0.00000000	0.00042743	0.00005390	13.00000000	0.00000000	0.00043479	0.00003842	43.00000000
0.00000000	0.00042233	0.00005381	23.00000000	0.00000000	0.00042947	0.00003831	34.00000000
0.00000000	0.00041729	0.00005371	19.00000000	0.00000000	0.00042422	0.00003821	49.00000000
0.00000000	0.00041232	0.00005363	18.00000000	0.00000000	0.00041904	0.00003812	49.00000000
0.00000000	0.00040741	0.00005354	18.00000000	0.00000000	0.00041392	0.00003803	42.00000000
0.00000000	0.00040258	0.00005346	14.00000000	0.00000000	0.00040888	0.00003794	40.00000000
0.00000000	0.00039781	0.00005338	17.00000000	0.00000000	0.00040390	0.00003785	39.00000000
0.00000000	0.00039310	0.00005330	16.00000000	0.00000000	0.00039899	0.00003777	39.00000000
0.00000000	0.00038846	0.00005322	18.00000000	0.00000000	0.00039415	0.00003769	43.00000000
0.00000000	0.00038388	0.00005315	13.00000000	0.00000000	0.00038937	0.00003761	33.00000000
0.00000000	0.00037936	0.00005308	12.00000000	0.00000000	0.00038465	0.00003754	26.00000000
0.00000000	0.00037491	0.00005302	16.00000000	0.00000000	0.00038000	0.00003747	26.00000000
0.00000000	0.00037052	0.00005295	18.00000000	0.00000000	0.00037541	0.00003740	31.00000000
0.00000000	0.00036618	0.00005289	16.00000000	0.00000000	0.00037087	0.00003733	24.00000000
0.00000000	0.00036191	0.00005283	15.00000000	0.00000000	0.00036640	0.00003727	29.00000000
0.00000000	0.00035769	0.00005277	16.00000000	0.00000000	0.00036199	0.00003721	31.00000000
0.00000000	0.00035353	0.00005272	13.00000000	0.00000000	0.00035764	0.00003715	27.00000000
0.00000000	0.00034942	0.00005266	11.00000000	0.00000000	0.00035335	0.00003709	44.00000000
0.00000000	0.00034538	0.00005261	10.00000000	0.00000000	0.00034911	0.00003703	35.00000000
0.00000000	0.00034138	0.00005256	18.00000000	0.00000000	0.00034493	0.00003698	27.00000000
0.00000000	0.00033745	0.00005251	13.00000000	0.00000000	0.00034081	0.00003693	27.00000000
0.00000000	0.00033356	0.00005247	7.00000000	0.00000000	0.00033674	0.00003688	43.00000000
0.00000000	0.00032973	0.00005242	13.00000000	0.00000000	0.00033272	0.00003683	32.00000000
0.00000000	0.00032595	0.00005238	11.00000000	0.00000000	0.00032876	0.00003678	37.00000000
0.00000000	0.00032222	0.00005234	13.00000000	0.00000000	0.00032485	0.00003674	30.00000000
0.00000000	0.00031854	0.00005230	3.00000000	0.00000000	0.00032099	0.00003669	30.00000000
0.00000000	0.00031492	0.00005226	13.00000000	0.00000000	0.00031719	0.00003665	24.00000000
0.00000000	0.00031134	0.00005222	11.00000000	0.00000000	0.00031343	0.00003661	28.00000000
0.00000000	0.00030781	0.00005219	10.00000000	0.00000000	0.00030973	0.00003657	24.00000000
0.00000000	0.00030433	0.00005215	6.00000000	0.00000000	0.00030607	0.00003654	16.00000000
0.00000000	0.00030089	0.00005212	15.00000000	0.00000000	0.00030246	0.00003650	22.00000000
0.00000000	0.00029751	0.00005208	10.00000000	0.00000000	0.00029891	0.00003647	26.00000000
0.00000000	0.00029417	0.00005205	13.00000000	0.00000000	0.00029539	0.00003643	26.00000000
0.00000000	0.00029087	0.00005202	10.00000000	0.00000000	0.00029193	0.00003640	32.00000000
0.00000000	0.00028762	0.00005199	6.00000000	0.00000000	0.00028851	0.00003637	32.00000000
0.00000000	0.00028441	0.00005197	11.00000000	0.00000000	0.00028514	0.00003634	31.00000000
0.00000000	0.00028125	0.00005194	13.00000000	0.00000000	0.00028181	0.00003631	32.00000000
0.00000000	0.00027813	0.00005191	10.00000000	0.00000000	0.00027853	0.00003628	16.00000000
0.00000000	0.00027505	0.00005189	10.00000000	0.00000000	0.00027529	0.00003625	26.00000000
0.00000000	0.00027201	0.00005186	5.00000000	0.00000000	0.00027209	0.00003623	23.00000000
0.00000000	0.00026902	0.00005184	9.00000000	0.00000000	0.00026894	0.00003620	25.00000000
0.00000000	0.00026607	0.00005182	8.00000000	0.00000000	0.00026582	0.00003618	28.00000000
0.00000000	0.00026315	0.00005180	16.00000000	0.00000000	0.00026275	0.00003616	24.00000000
0.00000000	0.00026028	0.00005178	9.00000000	0.00000000	0.00025972	0.00003613	22.00000000
0.00000000	0.00025744	0.00005176	10.00000000	0.00000000	0.00025674	0.00003611	24.00000000
0.00000000	0.00025465	0.00005174	7.00000000	0.00000000	0.00025379	0.00003609	8.00000000
0.00000000	0.00025189	0.00005172	6.00000000	0.00000000	0.00025088	0.00003607	11.00000000
0.00000000	0.00024917	0.00005170	6.00000000	0.00000000	0.00024800	0.00003605	24.00000000
0.00000000	0.00024648	0.00005168	14.00000000	0.00000000	0.00024517	0.00003603	20.00000000
0.00000000	0.00024384	0.00005167	9.00000000	0.00000000	0.00024238	0.00003601	16.00000000
0.00000000	0.00024122	0.00005165	10.00000000	0.00000000	0.00023962	0.00003600	23.00000000
0.00000000	0.00023865	0.00005163	14.00000000	0.00000000	0.00023690	0.00003598	20.00000000
0.00000000	0.00023611	0.00005162	10.00000000	0.00000000	0.00023421	0.00003596	17.00000000
0.00000000	0.00023360	0.00005160	6.00000000	0.00000000	0.00023156	0.00003595	24.00000000
0.00000000	0.00023113	0.00005159	3.00000000	0.00000000	0.00022895	0.00003593	27.00000000
0.00000000	0.00022869	0.00005158	11.00000000	0.00000000	0.00022637	0.00003592	15.00000000
0.00000000	0.00022628	0.00005156	8.00000000	0.00000000	0.00022382	0.00003590	16.00000000
0.00000000	0.00022391	0.00005155	4.00000000	0.00000000	0.00022131	0.00003589	20.00000000
0.00000000	0.00022157	0.00005154	4.00000000	0.00000000	0.00021884	0.00003588	20.00000000
0.00000000	0.00021926	0.00005153	10.00000000	0.00000000	0.00021639	0.00003586	22.00000000
0.00000000	0.00021699	0.00005152	8.00000000	0.00000000	0.00021398	0.00003585	14.00000000
0.00000000	0.00021474	0.00005150	7.00000000	0.00000000	0.00021160	0.00003584	16.00000000
0.00000000	0.00021252	0.00005149	11.00000000	0.00000000	0.00020925	0.00003583	14.00000000
0.00000000	0.00021034	0.00005148	9.00000000	0.00000000	0.00020693	0.00003582	14.00000000
0.00000000	0.00020818	0.00005147	7.00000000	0.00000000	0.00020465	0.00003581	24.00000000
0.00000000	0.00020606	0.00005146	8.00000000	0.00000000	0.00020239	0.00003580	20.00000000
0.00000000	0.00020396	0.00005146	11.00000000	0.00000000	0.00020017	0.00003579	19.00000000
0.00000000	0.00020189	0.00005145	8.00000000	0.00000000	0.00019797	0.00003578	19.00000000
0.00000000	0.00019985	0.00005144	2.00000000	0.00000000	0.00019581	0.00003577	14.00000000
0.00000000	0.00019784	0.00005143	10.00000000	0.00000000	0.00019367	0.00003576	17.00000000
0.00000000	0.00019585	0.00005142	10.00000000	0.00000000	0.00019156	0.00003575	23.00000000
0.00000000	0.00019389	0.00005142	5.00000000	0.00000000	0.00018948	0.00003574	17.00000000
0.00000000	0.00019196	0.00005141	7.00000000	0.00000000	0.00018743	0.00003573	20.00000000
0.00000000	0.00019005	0.00005140	5.00000000	0.00000000	0.00018540	0.00003573	16.00000000
0.00000000	0.00018817	0.00005139	7.00000000	0.00000000	0.00018340	0.00003572	18.00000000
0.00000000	0.00018632	0.00005139	7.00000000	0.00000000	0.00018143	0.00003571	17.00000000
0.00000000	0.00018449	0.00005138	3.00000000	0.00000000	0.00017948	0.00003570	9.00000000
0.00000000	0.00018269	0.00005138	7.00000000	0.00000000	0.00017756	0.00003570	11.00000000
0.00000000	0.00018091	0.00005137	13.00000000	0.00000000	0.00017567	0.00003569	15.00000000
0.00000000	0.00017915	0.00005136	5.00000000	0.00000000	0.00017380	0.00003568	8.00000000
0.00000000	0.00017742	0.00005136	5.00000000	0.00000000	0.00017195	0.00003568	10.00000000
0.00000000	0.00017571	0.00005135	5.00000000	0.00000000	0.00017014	0.00003567	12.00000000
0.00000000	0.00017403	0.00005135	1.00000000	0.00000000	0.00016834	0.00003567	13.00000000
0.00000000	0.00017236	0.00005134	12.00000000	0.00000000	0.00016657	0.00003566	18.00000000
0.00000000	0.00017072	0.00005134	4.00000000	0.00000000	0.00016482	0.00003566	12.00000000
0.00000000	0.00016911	0.00005133	3.00000000	0.00000000	0.00016310	0.00003565	12.00000000
0.00000000	0.00016751	0.00005133	5.00000000	0.00000000	0.00016139	0.00003565	18.00000000
0.00000000	0.00016594	0.00005133	2.00000000	0.00000000	0.00015972	0.00003564	7.00000000
0.00000000	0.00016439	0.00005132	7.00000000	0.00000000	0.00015806	0.00003564	13.00000000
0.00000000	0.00016286	0.00005132	7.00000000	0.00000000	0.00015642	0.00003563	7.00000000
0.00000000	0.00016135	0.00005131	13.00000000	0.00000000	0.00015481	0.00003563	18.00000000
0.00000000	0.00015986	0.00005131	4.00000000	0.00000000	0.00015322	0.00003563	4.00000000
0.00000000	0.00015839	0.00005131	5.00000000	0.00000000	0.00015165	0.00003562	13.00000000
0.00000000	0.00015694	0.00005130	3.00000000	0.00000000	0.00015010	0.00003562	13.00000000
0.00000000	0.00015551	0.00005130	5.00000000	0.00000000	0.00014857	0.00003561	13.00000000
0.00000000	0.00015410	0.00005130	4.00000000	0.00000000	0.00014707	0.00003561	6.00000000
0.00000000	0.00015271	0.00005129	3.00000000	0.00000000	0.00014558	0.00003561	11.00000000
0.00000000	0.00015134	0.00005129	5.00000000	0.00000000	0.00014411	0.00003560	15.00000000
0.00000000	0.00014998	0.00005129	6.00000000	0.00000000	0.00014266	0.00003560	12.00000000
0.00000000	0.00014865	0.00005128	7.00000000	0.00000000	0.00014123	0.00003560	9.00000000
0.00000000	0.00014733	0.00005128	3.00000000	0.00000000	0.00013982	0.00003560	13.00000000
0.00000000	0.00014603	0.00005128	6.00000000	0.00000000	0.00013843	0.00003559	10.00000000
0.00000000	0.00014475	0.00005128	5.00000000	0.00000000	0.00013706	0.00003559	14.00000000
0.00000000	0.00014349	0.00005127	2.00000000	0.00000000	0.00013570	0.00003559	7.00000000
0.00000000	0.00014224	0.00005127	5.00000000	0.00000000	0.00013437	0.00003559	8.00000000
0.00000000	0.00014101	0.00005127	5.00000000	0.00000000	0.00013305	0.00003558	7.00000000
0.00000000	0.00013980	0.00005127	6.00000000	0.00000000	0.00013175	0.00003558	11.00000000
0.00000000	0.00013860	0.00005127	1.00000000	0.00000000	0.00013046	0.00003558	11.00000000
0.00000000	0.00013742	0.00005126	3.00000000	0.00000000	0.00012920	0.00003558	6.00000000
0.00000000	0.00013626	0.00005126	5.00000000	0.00000000	0.00012795	0.00003557	6.00000000
0.00000000	0.00013511	0.00005126	2.00000000	0.00000000	0.00012671	0.00003557	3.00000000
0.00000000	0.00013397	0.00005126	3.00000000	0.00000000	0.00012550	0.00003557	8.00000000
0.00000000	0.00013286	0.00005126	3.00000000	0.00000000	0.00012430	0.00003557	6.00000000
0.00000000	0.00013176	0.00005126	6.00000000	0.00000000	0.00012311	0.00003557	8.00000000
0.00000000	0.00013067	0.00005125	3.00000000	0.00000000	0.00012194	0.00003556	9.00000000
0.00000000	0.00012960	0.00005125	3.00000000	0.00000000	0.00012079	0.00003556	6.00000000
0.00000000	0.00000000	0.00000000	0.00000000	0.00000000	0.00000000	0.00000000	0.00000000
0.00000000	0.00000000	0.00000000	0.00000000	0.00000000	0.00000000	0.00000000	0.00000000
0.00000000	0.00000000	0.00000000	0.00000000	0.00000000	0.00000000	0.00000000	0.00000000
0.00000000	0.00000000	0.00000000	0.00000000	0.00000000	0.00000000	0.00000000	0.00000000
0.00000000	0.00000000	0.00000000	0.00000000	0.00000000	0.00000000	0.00000000	0.00000000
0.00000000	0.00000000	0.00000000	0.00000000	0.00000000	0.00000000	0.00000000	0.00000000
0.00000000	0.00000000	0.00000000	0.00000000	0.00000000	0.00000000	0.00000000	0.00000000
0.00000000	0.00000000	0.00000000	0.00000000	0.00000000	0.00000000	0.00000000	0.00000000
0.00000000	0.00000000	0.00000000	0.00000000	0.00000000	0.00000000	0.00000000	0.00000000
0.00000000	0.00000000	0.00000000	0.00000000	0.00000000	0.00000000	0.00000000	0.00000000
0.00000000	0.00000000	0.00000000	0.00000000	0.00000000	0.00000000	0.00000000	0.00000000
0.00000000	0.00000000	0.00000000	0.00000000	0.00000000	0.00000000	0.00000000	0.00000000
0.00000000	0.00000000	0.00000000	0.00000000	0.00000000	0.00000000	0.00000000	0.00000000
0.00000000	0.00000000	0.00000000	0.00000000	0.00000000	0.00000000	0.00000000	0.00000000
0.00000000	0.00000000	0.00000000	0.00000000	0.00000000	0.00000000	0.00000000	0.00000000
0.00000000	0.00000000	0.00000000	0.00000000	0.00000000	0.00000000	0.00000000	0.00000000
0.00000000	0.00000000	0.00000000	0.00000000	0.00000000	0.00000000	0.00000000	0.00000000
0.00000000	0.00000000	0.00000000	0.00000000	0.00000000	0.00000000	0.00000000	0.00000000
0.00000000	0.00000000	0.00000000	0.00000000	0.00000000	0.00000000	0.00000000	0.00000000
0.00000000	0.00000000	0.00000000	0.00000000	0.00000000	0.00000000	0.00000000	0.00000000
0.00000000	0.00000000	0.00000000	0.00000000	0.00000000	0.00000000	0.00000000	0.00000000
0.00000000	0.00000000	0.00000000	0.00000000	0.00000000	0.00000000	0.00000000	0.00000000
0.00000000	0.00000000	0.00000000	0.00000000	0.00000000	0.00000000	0.00000000	0.00000000
0.00000000	0.00000000	0.00000000	0.00000000	0.00000000	0.00000000	0.00000000	0.00000000
0.00000000	0.00000000	0.00000000	0.00000000	0.00000000	0.00000000	0.00000000	0.00000000
0.00000000	0.00000000	0.00000000	0.00000000	0.00000000	0.00000000	0.00000000	0.00000000
0.00000000	0.00000000	0.00000000	0.00000000	0.00000000	0.00000000	0.00000000	0.00000000
0.00000000	0.00000000	0.00000000	0.00000000	0.00000000	0.00000000	0.00000000	0.00000000
0.00000000	0.00000000	0.00000000	0.00000000	0.00000000	0.00000000	0.00000000	0.00000000
0.00000000	0.00000000	0.00000000	0.00000000	0.00000000	0.00000000	0.00000000	0.00000000
0.00000000	0.00000000	0.00000000	0.00000000	0.00000000	0.00000000	0.00000000	0.00000000
0.00000000	0.00000000	0.00000000	0.00000000	0.00000000	0.00000000	0.00000000	0.00000000
0.00000000	0.00000000	0.00000000	0.00000000	0.00000000	0.00000000	0.00000000	0.00000000
0.00000000	0.00000000	0.00000000	0.00000000	0.00000000	0.00000000	0.00000000	0.00000000
0.00000000	0.00000000	0.00000000	0.00000000	0.00000000	0.00000000	0.00000000	0.00000000
0.00000000	0.00000000	0.00000000	0.00000000	0.00000000	0.00000000	0.00000000	0.00000000
0.00000000	0.00000000	0.00000000	0.00000000	0.00000000	0.00000000	0.00000000	0.00000000
0.00000000	0.00000000	0.00000000	0.00000000	0.00000000	0.00000000	0.00000000	0.00000000
0.00000000	0.00000000	0.00000000	0.00000000	0.00000000	0.00000000	0.00000000	0.00000000
0.00000000	0.00000000	0.00000000	0.00000000	0.00000000	0.00000000	0.00000000	0.00000000
0.00000000	0.00000000	0.00000000	0.00000000	0.00000000	0.00000000	0.00000000	0.00000000
0.00000000	0.00000000	0.00000000	0.00000000	0.00000000	0.00000000	0.00000000	0.00000000
0.00000000	0.00000000	0.00000000	0.00000000	0.00000000	0.00000000	0.00000000	0.00000000
0.00000000	0.00000000	0.00000000	0.00000000	0.00000000	0.00000000	0.00000000	0.00000000
0.00000000	0.00000000	0.00000000	0.00000000	0.00000000	0.00000000	0.00000000	0.00000000
0.00000000	0.00000000	0.00000000	0.00000000	0.00000000	0.00000000	0.00000000	0.00000000
0.00000000	0.00000000	0.00000000	0.00000000	0.00000000	0.00000000	0.00000000	0.00000000
0.00000000	0.00000000	0.00000000	0.00000000	0.00000000	0.00000000	0.00000000	0.00000000
0.00000000	0.00000000	0.00000000	0.00000000	0.00000000	0.00000000	0.00000000	0.00000000
0.00000000	0.00000000	0.00000000	0.00000000	0.00000000	0.00000000	0.00000000	0.00000000
0.00000000	0.00000000	0.00000000	0.00000000	0.00000000	0.00000000	0.00000000	0.00000000
0.00000000	0.00000000	0.00000000	0.00000000	0.00000000	0.00000000	0.00000000	0.00000000
0.00000000	0.00000000	0.00000000	0.00000000	0.00000000	0.00000000	0.00000000	0.00000000
0.00000000	0.00000000	0.00000000	0.00000000	0.00000000	0.00000000	0.00000000	0.00000000
0.00000000	0.00000000	0.00000000	0.00000000	0.00000000	0.00000000	0.00000000	0.00000000
0.00000000	0.00000000	0.00000000	0.00000000	0.00000000	0.00000000	0.00000000	0.00000000
0.00000000	0.00000000	0.00000000	0.00000000	0.00000000	0.00000000	0.00000000	0.00000000
0.00000000	0.00000000	0.00000000	0.00000000	0.00000000	0.00000000	0.00000000	0.00000000
0.00000000	0.00000000	0.00000000	0.00000000	0.00000000	0.00000000	0.00000000	0.00000000
0.00000000	0.00000000	0.00000000	0.00000000	0.00000000	0.00000000	0.00000000	0.00000000
0.00000000	0.00000000	0.00000000	0.00000000	0.00000000	0.00000000	0.00000000	0.00000000
0.00000000	0.00000000	0.00000000	0.00000000	0.00000000	0.00000000	0.00000000	0.00000000
0.00000000	0.00000000	0.00000000	0.00000000	0.00000000	0.00000000	0.00000000	0.00000000
0.00000000	0.00000000	0.00000000	0.00000000	0.00000000	0.00000000	0.00000000	0.00000000
0.00000000	0.00000000	0.00000000	0.00000000	0.00000000	0.00000000	0.00000000	0.00000000
0.00000000	0.00000000	0.00000000	0.00000000	0.00000000	0.00000000	0.00000000	0.00000000
0.00000000	0.00000000	0.00000000	0.00000000	0.00000000	0.00000000	0.00000000	0.00000000
0.00000000	0.00000000	0.00000000	0.00000000	0.00000000	0.00000000	0.00000000	0.00000000
0.00000000	0.00000000	0.00000000	0.00000000	0.00000000	0.00000000	0.00000000	0.00000000
0.00000000	0.00000000	0.00000000	0.00000000	0.00000000	0.00000000	0.00000000	0.00000000
0.00000000	0.00000000	0.00000000	0.00000000	0.00000000	0.00000000	0.00000000	0.00000000
0.00000000	0.00000000	0.00000000	0.00000000	0.00000000	0.00000000	0.00000000	0.00000000
0.00000000	0.00000000	0.00000000	0.00000000	0.00000000	0.00000000	0.00000000	0.00000000
0.00000000	0.00000000	0.00000000	0.00000000	0.00000000	0.00000000	0.00000000	0.00000000
0.00000000	0.00000000	0.00000000	0.00000000	0.00000000	0.00000000	0.00000000	0.00000000
0.00000000	0.00000000	0.00000000	0.00000000	0.00000000	0.00000000	0.00000000	0.00000000
0.00000000	0.00000000	0.00000000	0.00000000	0.00000000	0.00000000	0.00000000	0.00000000
0.00000000	0.00000000	0.00000000	0.00000000	0.00000000	0.00000000	0.00000000	0.00000000
0.00000000	0.00000000	0.00000000	0.00000000	0.00000000	0.00000000	0.00000000	0.00000000
0.00000000	0.00000000	0.00000000	0.00000000	0.00000000	0.00000000	0.00000000	0.00000000
0.00000000	0.00000000	0.00000000	0.00000000	0.00000000	0.00000000	0.00000000	0.00000000
0.00000000	0.00000000	0.00000000	0.00000000	0.00000000	0.00000000	0.00000000	0.00000000
0.00000000	0.00000000	0.00000000	0.00000000	0.00000000	0.00000000	0.00000000	0.00000000
0.00000000	0.00000000	0.00000000	0.00000000	0.00000000	0.00000000	0.00000000	0.00000000
0.00000000	0.00000000	0.00000000	0.00000000	0.00000000	0.00000000	0.00000000	0.00000000
0.00000000	0.00000000	0.00000000	0.00000000	0.00000000	0.00000000	0.00000000	0.00000000
0.00000000	0.00000000	0.00000000	0.00000000	0.00000000	0.00000000	0.00000000	0.00000000
0.00000000	0.00000000	0.00000000	0.00000000	0.00000000	0.00000000	0.00000000	0.00000000
0.00000000	0.00000000	0.00000000	0.00000000	0.00000000	0.00000000	0.00000000	0.00000000
0.00000000	0.00000000	0.00000000	0.00000000	0.00000000	0.00000000	0.00000000	0.00000000
0.00000000	0.00000000	0.00000000	0.00000000	0.00000000	0.00000000	0.00000000	0.00000000
0.00000000	0.00000000	0.00000000	0.00000000	0.00000000	0.00000000	0.00000000	0.00000000
0.00000000	0.00000000	0.00000000	0.00000000	0.00000000	0.00000000	0.00000000	0.00000000
0.00000000	0.00000000	0.00000000	0.00000000	0.00000000	0.00000000	0.00000000	0.00000000
0.00000000	0.00000000	0.00000000	0.00000000	0.00000000	0.00000000	0.00000000	0.00000000
0.00000000	0.00000000	0.00000000	0.00000000	0.00000000	0.00000000	0.00000000	0.00000000
0.00000000	0.00000000	0.00000000	0.00000000	0.00000000	0.00000000	0.00000000	0.00000000
0.00000000	0.00000000	0.00000000	0.00000000	0.00000000	0.00000000	0.00000000	0.00000000
0.00000000	0.00000000	0.00000000	0.00000000	0.00000000	0.00000000	0.00000000	0.00000000
0.00000000	0.00000000	0.00000000	0.00000000	0.00000000	0.00000000	0.00000000	0.00000000
0.00000000	0.00000000	0.00000000	0.00000000	0.00000000	0.00000000	0.00000000	0.00000000
0.00000000	0.00000000	0.00000000	0.00000000	0.00000000	0.00000000	0.00000000	0.00000000
0.00000000	0.00000000	0.00000000	0.00000000	0.00000000	0.00000000	0.00000000	0.00000000
0.00000000	0.00000000	0.00000000	0.00000000	0.00000000	0.00000000	0.00000000	0.00000000
0.00000000	0.00000000	0.00000000	0.00000000	0.00000000	0.00000000	0.00000000	0.00000000
0.00000000	0.00000000	0.00000000	0.00000000	0.00000000	0.00000000	0.00000000	0.00000000
0.00000000	0.00000000	0.00000000	0.00000000	0.00000000	0.00000000	0.00000000	0.00000000
0.00000000	0.00000000	0.00000000	0.00000000	0.00000000	0.00000000	0.00000000	0.00000000
0.00000000	0.00000000	0.00000000	0.00000000	0.00000000	0.00000000	0.00000000	0.00000000
0.00000000	0.00000000	0.00000000	0.00000000	0.00000000	0.00000000	0.00000000	0.00000000
0.00000000	0.00000000	0.00000000	0.00000000	0.00000000	0.00000000	0.00000000	0.00000000
