1.000
4.000
3.000
6.000
4.000
2.000
3.000
5.000
0.000
5.000
5.000
5.000
2.000
2.000
6.000
5.000
4.000
6.000
4.000
6.000
4.000
1.000
2.000
5.000
7.000
6.000
21.000
34.000
90.000
191.000
345.000
728.000
1328.000
2369.000
4132.000
7077.000
11243.000
17628.000
26535.000
38034.000
52973.000
70983.000
91282.000
113996.000
136357.000
159292.000
177354.000
190931.000
198814.000
198117.000
192382.000
177631.000
160674.000
138703.000
116324.000
94337.000
72961.000
54853.000
39579.000
28347.000
19425.000
13170.000
8540.000
5792.000
3802.000
2804.000
2156.000
1753.000
1516.000
1397.000
1355.000
1300.000
1261.000
1215.000
1210.000
1208.000
1222.000
1169.000
1193.000
1128.000
1160.000
1141.000
1179.000
1097.000
1108.000
1125.000
1037.000
1048.000
1058.000
1039.000
981.000
987.000
1059.000
1022.000
976.000
967.000
903.000
935.000
926.000
917.000
922.000
977.000
922.000
875.000
880.000
933.000
930.000
828.000
853.000
883.000
821.000
794.000
870.000
777.000
857.000
755.000
803.000
735.000
795.000
731.000
758.000
737.000
702.000
707.000
739.000
686.000
739.000
716.000
653.000
696.000
674.000
643.000
651.000
673.000
647.000
605.000
646.000
683.000
642.000
583.000
616.000
608.000
581.000
595.000
591.000
578.000
515.000
557.000
606.000
550.000
586.000
596.000
553.000
530.000
508.000
501.000
574.000
498.000
470.000
489.000
511.000
494.000
542.000
493.000
471.000
461.000
452.000
462.000
476.000
489.000
467.000
487.000
448.000
401.000
485.000
448.000
437.000
387.000
404.000
441.000
389.000
435.000
389.000
374.000
415.000
382.000
386.000
415.000
402.000
395.000
388.000
359.000
353.000
379.000
362.000
399.000
383.000
350.000
365.000
373.000
336.000
377.000
342.000
338.000
326.000
369.000
334.000
339.000
285.000
340.000
335.000
329.000
308.000
310.000
313.000
315.000
269.000
299.000
303.000
318.000
290.000
302.000
311.000
307.000
290.000
267.000
279.000
304.000
291.000
249.000
278.000
283.000
263.000
248.000
240.000
238.000
263.000
250.000
262.000
236.000
269.000
260.000
217.000
254.000
231.000
261.000
236.000
255.000
230.000
280.000
218.000
232.000
231.000
210.000
213.000
248.000
240.000
229.000
226.000
203.000
224.000
243.000
221.000
199.000
220.000
188.000
208.000
221.000
205.000
225.000
174.000
199.000
187.000
169.000
185.000
172.000
185.000
190.000
210.000
231.000
180.000
160.000
175.000
165.000
177.000
183.000
199.000
205.000
161.000
157.000
170.000
191.000
163.000
164.000
191.000
156.000
173.000
179.000
162.000
163.000
159.000
155.000
143.000
185.000
149.000
133.000
149.000
141.000
165.000
143.000
149.000
142.000
170.000
154.000
145.000
150.000
172.000
144.000
141.000
135.000
159.000
147.000
150.000
133.000
135.000
122.000
129.000
154.000
125.000
129.000
132.000
121.000
130.000
111.000
131.000
107.000
126.000
122.000
124.000
120.000
128.000
109.000
118.000
114.000
125.000
88.000
122.000
103.000
106.000
119.000
110.000
116.000
125.000
96.000
108.000
124.000
83.000
92.000
108.000
111.000
106.000
96.000
100.000
101.000
110.000
96.000
96.000
104.000
100.000
105.000
90.000
103.000
95.000
91.000
108.000
92.000
78.000
79.000
79.000
99.000
98.000
106.000
87.000
98.000
79.000
91.000
89.000
96.000
68.000
75.000
78.000
62.000
82.000
99.000
88.000
67.000
83.000
73.000
79.000
78.000
82.000
81.000
68.000
90.000
80.000
75.000
79.000
65.000
86.000
73.000
65.000
60.000
76.000
71.000
66.000
66.000
71.000
64.000
72.000
73.000
69.000
66.000
76.000
75.000
47.000
58.000
68.000
78.000
67.000
59.000
78.000
78.000
67.000
59.000
64.000
60.000
52.000
58.000
54.000
52.000
58.000
69.000
52.000
44.000
51.000
63.000
57.000
47.000
59.000
58.000
58.000
61.000
51.000
51.000
50.000
61.000
43.000
58.000
57.000
33.000
47.000
48.000
48.000
59.000
56.000
53.000
47.000
44.000
36.000
46.000
42.000
55.000
43.000
38.000
42.000
48.000
42.000
52.000
44.000
34.000
43.000
42.000
40.000
34.000
46.000
36.000
48.000
41.000
44.000
41.000
34.000
46.000
39.000
34.000
38.000
39.000
49.000
40.000
22.000
34.000
38.000
38.000
35.000
43.000
37.000
37.000
39.000
36.000
44.000
33.000
38.000
40.000
26.000
25.000
34.000
33.000
40.000
30.000
33.000
26.000
37.000
27.000
45.000
29.000
41.000
26.000
23.000
30.000
32.000
28.000
30.000
28.000
39.000
21.000
40.000
30.000
21.000
34.000
33.000
37.000
25.000
29.000
26.000
22.000
30.000
27.000
26.000
24.000
32.000
28.000
28.000
18.000
24.000
15.000
24.000
17.000
33.000
19.000
24.000
32.000
30.000
24.000
27.000
18.000
19.000
23.000
22.000
22.000
20.000
29.000
26.000
16.000
22.000
13.000
22.000
19.000
23.000
21.000
26.000
11.000
17.000
26.000
28.000
15.000
21.000
28.000
19.000
21.000
23.000
23.000
16.000
13.000
19.000
18.000
21.000
17.000
24.000
22.000
16.000
26.000
14.000
20.000
21.000
18.000
18.000
13.000
21.000
21.000
24.000
12.000
23.000
29.000
16.000
17.000
18.000
21.000
23.000
20.000
12.000
17.000
15.000
17.000
8.000
18.000
14.000
17.000
15.000
15.000
23.000
24.000
18.000
13.000
14.000
16.000
19.000
16.000
11.000
17.000
16.000
18.000
12.000
7.000
15.000
18.000
15.000
12.000
16.000
11.000
17.000
23.000
17.000
11.000
13.000
5.000
15.000
15.000
12.000
11.000
12.000
7.000
16.000
13.000
12.000
13.000
12.000
16.000
23.000
12.000
13.000
7.000
11.000
7.000
17.000
11.000
8.000
13.000
12.000
10.000
18.000
13.000
15.000
10.000
13.000
9.000
10.000
7.000
11.000
9.000
10.000
11.000
13.000
8.000
9.000
9.000
5.000
9.000
4.000
8.000
11.000
16.000
7.000
14.000
12.000
12.000
12.000
9.000
15.000
8.000
6.000
6.000
14.000
10.000
8.000
11.000
8.000
9.000
10.000
5.000
4.000
12.000
6.000
8.000
8.000
11.000
8.000
4.000
8.000
5.000
10.000
11.000
7.000
8.000
3.000
9.000
3.000
6.000
8.000
6.000
4.000
10.000
11.000
8.000
8.000
9.000
9.000
6.000
8.000
7.000
5.000
10.000
8.000
15.000
5.000
3.000
8.000
6.000
4.000
5.000
3.000
5.000
6.000
3.000
11.000
6.000
7.000
4.000
10.000
7.000
5.000
11.000
4.000
7.000
8.000
6.000
4.000
4.000
8.000
5.000
7.000
6.000
2.000
8.000
2.000
5.000
0.000
5.000
8.000
4.000
3.000
1.000
7.000
3.000
2.000
6.000
5.000
6.000
3.000
3.000
8.000
1.000
3.000
5.000
2.000
3.000
6.000
5.000
9.000
2.000
5.000
4.000
4.000
4.000
2.000
3.000
3.000
5.000
6.000
6.000
4.000
4.000
7.000
1.000
5.000
2.000
7.000
3.000
2.000
2.000
7.000
4.000
2.000
3.000
5.000
4.000
3.000
3.000
0.000
0.000
0.000
0.000
0.000
0.000
0.000
0.000
0.000
0.000
0.000
0.000
0.000
0.000
0.000
0.000
0.000
0.000
0.000
0.000
0.000
0.000
0.000
0.000
0.000
0.000
0.000
0.000
0.000
0.000
0.000
0.000
0.000
0.000
0.000
0.000
0.000
0.000
0.000
0.000
0.000
0.000
0.000
0.000
0.000
0.000
0.000
0.000
0.000
0.000
0.000
0.000
0.000
0.000
0.000
0.000
0.000
0.000
0.000
0.000
0.000
0.000
0.000
0.000
0.000
0.000
0.000
0.000
0.000
0.000
0.000
0.000
0.000
0.000
0.000
0.000
0.000
0.000
0.000
0.000
0.000
0.000
0.000
0.000
0.000
0.000
0.000
0.000
0.000
0.000
0.000
0.000
0.000
0.000
0.000
0.000
0.000
0.000
0.000
0.000
0.000
0.000
0.000
0.000
0.000
0.000
0.000
0.000
0.000
0.000
0.000
0.000
0.000
0.000
0.000
0.000
0.000
0.000
0.000
0.000
0.000
0.000
0.000
0.000
0.000
0.000
0.000
0.000
0.000
0.000
0.000
0.000
0.000
0.000
0.000
0.000
0.000
0.000
0.000
0.000
0.000
0.000
0.000
0.000
0.000
0.000
0.000
0.000
0.000
0.000
0.000
0.000
0.000
0.000
0.000
0.000
0.000
0.000
0.000
0.000
0.000
0.000
0.000
0.000
0.000
0.000
0.000
0.000
0.000
0.000
0.000
0.000
0.000
0.000
0.000
0.000
0.000
0.000
0.000
0.000
0.000
0.000
0.000
0.000
0.000
0.000
0.000
0.000
1.000
2.000
4.000
1.000
2.000
3.000
2.000
0.000
1.000
1.000
0.000
3.000
1.000
1.000
1.000
0.000
0.000
1.000
0.000
3.000
2.000
0.000
0.000
0.000
6.000
2.000
13.000
31.000
57.000
145.000
267.000
537.000
1015.000
1755.000
3067.000
5160.000
8490.000
13233.000
19450.000
28208.000
39169.000
52862.000
67793.000
85434.000
102541.000
118402.000
133053.000
142211.000
147955.000
148457.000
143647.000
133671.000
119743.000
103607.000
86633.000
69312.000
53978.000
40284.000
29254.000
20379.000
13920.000
9130.000
5846.000
3729.000
2336.000
1569.000
1045.000
788.000
668.000
583.000
529.000
517.000
469.000
493.000
520.000
485.000
440.000
459.000
456.000
445.000
454.000
411.000
427.000
397.000
439.000
395.000
412.000
395.000
388.000
440.000
406.000
401.000
352.000
379.000
349.000
375.000
363.000
369.000
374.000
366.000
348.000
336.000
372.000
357.000
335.000
328.000
334.000
330.000
353.000
315.000
332.000
333.000
327.000
309.000
307.000
299.000
302.000
308.000
297.000
280.000
277.000
271.000
301.000
253.000
255.000
267.000
268.000
274.000
277.000
261.000
240.000
270.000
229.000
261.000
250.000
235.000
261.000
258.000
235.000
216.000
230.000
257.000
232.000
219.000
252.000
199.000
260.000
201.000
231.000
236.000
237.000
198.000
223.000
226.000
186.000
191.000
180.000
211.000
190.000
218.000
193.000
181.000
204.000
162.000
186.000
201.000
175.000
188.000
210.000
161.000
188.000
187.000
158.000
175.000
176.000
144.000
131.000
181.000
157.000
164.000
158.000
150.000
156.000
150.000
152.000
157.000
158.000
158.000
152.000
165.000
126.000
149.000
151.000
145.000
134.000
135.000
150.000
151.000
147.000
129.000
139.000
131.000
131.000
130.000
113.000
155.000
136.000
139.000
139.000
118.000
133.000
127.000
107.000
124.000
111.000
120.000
121.000
104.000
109.000
110.000
139.000
115.000
107.000
93.000
115.000
112.000
102.000
118.000
111.000
97.000
112.000
116.000
110.000
105.000
101.000
99.000
108.000
113.000
89.000
89.000
104.000
97.000
109.000
113.000
93.000
106.000
111.000
105.000
104.000
89.000
86.000
89.000
94.000
84.000
90.000
108.000
80.000
95.000
92.000
87.000
88.000
98.000
81.000
82.000
72.000
83.000
67.000
97.000
91.000
97.000
91.000
70.000
94.000
81.000
72.000
89.000
75.000
86.000
89.000
63.000
73.000
83.000
72.000
86.000
66.000
73.000
76.000
64.000
67.000
60.000
65.000
59.000
64.000
62.000
72.000
54.000
77.000
68.000
50.000
64.000
62.000
57.000
56.000
63.000
59.000
61.000
48.000
62.000
48.000
71.000
77.000
61.000
59.000
52.000
66.000
60.000
50.000
54.000
56.000
66.000
62.000
54.000
54.000
48.000
44.000
42.000
55.000
53.000
47.000
43.000
65.000
52.000
43.000
44.000
46.000
45.000
51.000
53.000
51.000
48.000
48.000
52.000
36.000
59.000
43.000
35.000
52.000
35.000
41.000
24.000
42.000
45.000
25.000
36.000
46.000
53.000
41.000
37.000
39.000
36.000
48.000
45.000
40.000
35.000
34.000
55.000
43.000
39.000
39.000
43.000
35.000
43.000
36.000
41.000
33.000
47.000
35.000
46.000
40.000
28.000
32.000
31.000
47.000
42.000
47.000
29.000
41.000
32.000
31.000
34.000
36.000
31.000
38.000
33.000
30.000
47.000
31.000
27.000
28.000
25.000
37.000
33.000
31.000
28.000
32.000
28.000
31.000
24.000
28.000
21.000
41.000
33.000
29.000
33.000
35.000
38.000
24.000
24.000
17.000
33.000
29.000
26.000
28.000
30.000
19.000
27.000
20.000
26.000
26.000
26.000
30.000
30.000
19.000
23.000
21.000
20.000
20.000
28.000
25.000
31.000
23.000
33.000
29.000
29.000
24.000
21.000
17.000
25.000
24.000
23.000
26.000
36.000
20.000
35.000
21.000
21.000
18.000
19.000
24.000
21.000
16.000
16.000
18.000
17.000
19.000
27.000
17.000
16.000
19.000
20.000
18.000
11.000
21.000
25.000
19.000
15.000
21.000
26.000
23.000
14.000
24.000
11.000
24.000
18.000
24.000
13.000
17.000
18.000
18.000
16.000
18.000
15.000
19.000
18.000
16.000
18.000
17.000
19.000
20.000
18.000
20.000
19.000
18.000
19.000
13.000
16.000
14.000
13.000
15.000
15.000
10.000
22.000
15.000
10.000
9.000
13.000
13.000
10.000
6.000
14.000
8.000
15.000
11.000
7.000
9.000
12.000
17.000
19.000
11.000
10.000
8.000
11.000
11.000
12.000
13.000
10.000
10.000
10.000
6.000
19.000
9.000
11.000
9.000
11.000
12.000
14.000
14.000
13.000
16.000
11.000
17.000
11.000
11.000
12.000
14.000
6.000
7.000
17.000
15.000
8.000
13.000
14.000
15.000
16.000
7.000
8.000
7.000
12.000
15.000
12.000
12.000
9.000
12.000
7.000
9.000
18.000
15.000
10.000
11.000
8.000
6.000
8.000
9.000
8.000
11.000
7.000
8.000
8.000
5.000
13.000
15.000
7.000
5.000
10.000
7.000
7.000
7.000
3.000
10.000
7.000
7.000
12.000
8.000
10.000
8.000
12.000
5.000
8.000
6.000
5.000
9.000
8.000
7.000
4.000
8.000
8.000
8.000
7.000
5.000
5.000
7.000
10.000
7.000
1.000
3.000
8.000
8.000
9.000
6.000
4.000
5.000
5.000
4.000
6.000
6.000
7.000
8.000
7.000
6.000
6.000
5.000
13.000
7.000
8.000
7.000
5.000
6.000
6.000
6.000
4.000
1.000
7.000
3.000
5.000
5.000
3.000
6.000
7.000
3.000
6.000
8.000
4.000
3.000
3.000
4.000
4.000
2.000
1.000
4.000
3.000
4.000
2.000
10.000
3.000
11.000
8.000
4.000
1.000
7.000
3.000
7.000
7.000
10.000
2.000
6.000
7.000
3.000
7.000
4.000
1.000
4.000
4.000
4.000
5.000
5.000
7.000
2.000
3.000
5.000
6.000
5.000
2.000
4.000
4.000
3.000
1.000
4.000
1.000
5.000
5.000
5.000
1.000
5.000
2.000
5.000
2.000
1.000
2.000
3.000
3.000
3.000
5.000
7.000
1.000
2.000
5.000
0.000
3.000
5.000
4.000
2.000
3.000
1.000
3.000
5.000
3.000
2.000
6.000
3.000
3.000
5.000
1.000
2.000
3.000
0.000
3.000
3.000
2.000
0.000
2.000
0.000
6.000
1.000
4.000
1.000
2.000
5.000
1.000
3.000
2.000
4.000
2.000
1.000
3.000
3.000
3.000
2.000
4.000
4.000
0.000
3.000
3.000
0.000
1.000
1.000
3.000
2.000
2.000
4.000
2.000
3.000
1.000
5.000
1.000
0.000
4.000
1.000
4.000
6.000
1.000
1.000
1.000
4.000
0.000
1.000
1.000
3.000
1.000
3.000
2.000
1.000
2.000
3.000
2.000
3.000
3.000
2.000
3.000
0.000
1.000
1.000
1.000
3.000
4.000
1.000
4.000
2.000
1.000
0.000
2.000
2.000
1.000
1.000
2.000
0.000
0.000
4.000
1.000
3.000
1.000
4.000
2.000
2.000
1.000
2.000
2.000
0.000
0.000
0.000
0.000
0.000
0.000
0.000
0.000
0.000
0.000
0.000
0.000
0.000
0.000
0.000
0.000
0.000
0.000
0.000
0.000
0.000
0.000
0.000
0.000
0.000
0.000
0.000
0.000
0.000
0.000
0.000
0.000
0.000
0.000
0.000
0.000
0.000
0.000
0.000
0.000
0.000
0.000
0.000
0.000
0.000
0.000
0.000
0.000
0.000
0.000
0.000
0.000
0.000
0.000
0.000
0.000
0.000
0.000
0.000
0.000
0.000
0.000
0.000
0.000
0.000
0.000
0.000
0.000
0.000
0.000
0.000
0.000
0.000
0.000
0.000
0.000
0.000
0.000
0.000
0.000
0.000
0.000
0.000
0.000
0.000
0.000
0.000
0.000
0.000
0.000
0.000
0.000
0.000
0.000
0.000
0.000
0.000
0.000
0.000
0.000
0.000
0.000
0.000
0.000
0.000
0.000
0.000
0.000
0.000
0.000
0.000
0.000
0.000
0.000
0.000
0.000
0.000
0.000
0.000
0.000
0.000
0.000
0.000
0.000
0.000
0.000
0.000
0.000
0.000
0.000
0.000
0.000
0.000
0.000
0.000
0.000
0.000
0.000
0.000
0.000
0.000
0.000
0.000
0.000
0.000
0.000
0.000
0.000
0.000
0.000
0.000
0.000
0.000
0.000
0.000
0.000
0.000
0.000
0.000
0.000
0.000
0.000
0.000
0.000
0.000
0.000
0.000
0.000
0.000
0.000
0.000
0.000
0.000
0.000
0.000
0.000
0.000
0.000
0.000
0.000
0.000
0.000
0.000
0.000
0.000
0.000
0.000
0.000
