18.000
18.000
15.000
14.000
10.000
11.000
13.000
13.000
10.000
9.000
4.000
7.000
17.000
10.000
13.000
14.000
15.000
15.000
8.000
13.000
9.000
11.000
12.000
13.000
12.000
21.000
24.000
43.000
54.000
96.000
190.000
383.000
691.000
1271.000
2164.000
3595.000
5695.000
8700.000
13292.000
18971.000
26555.000
35377.000
45248.000
56801.000
68280.000
79433.000
87939.000
95790.000
99046.000
100029.000
96081.000
89752.000
80377.000
70158.000
58157.000
46428.000
36915.000
27219.000
20103.000
14308.000
9649.000
6604.000
4414.000
3046.000
2111.000
1515.000
1253.000
1029.000
934.000
916.000
861.000
865.000
839.000
840.000
798.000
805.000
768.000
769.000
816.000
834.000
820.000
790.000
774.000
767.000
807.000
796.000
790.000
805.000
731.000
707.000
771.000
706.000
732.000
708.000
761.000
696.000
729.000
716.000
759.000
737.000
692.000
649.000
624.000
664.000
685.000
730.000
663.000
698.000
696.000
642.000
674.000
647.000
685.000
681.000
684.000
653.000
629.000
659.000
643.000
674.000
638.000
632.000
635.000
616.000
594.000
611.000
612.000
598.000
640.000
628.000
602.000
571.000
586.000
608.000
592.000
600.000
616.000
540.000
571.000
571.000
551.000
565.000
565.000
547.000
552.000
563.000
552.000
533.000
575.000
548.000
542.000
547.000
566.000
558.000
558.000
495.000
550.000
529.000
491.000
489.000
495.000
493.000
498.000
510.000
439.000
503.000
467.000
490.000
511.000
523.000
490.000
455.000
461.000
468.000
464.000
436.000
462.000
453.000
465.000
434.000
469.000
479.000
432.000
447.000
440.000
439.000
447.000
442.000
451.000
424.000
463.000
440.000
443.000
419.000
443.000
401.000
395.000
390.000
437.000
418.000
421.000
375.000
393.000
428.000
421.000
376.000
395.000
411.000
384.000
389.000
366.000
359.000
422.000
370.000
397.000
400.000
389.000
371.000
374.000
392.000
387.000
376.000
393.000
365.000
378.000
343.000
343.000
317.000
323.000
325.000
357.000
372.000
358.000
315.000
367.000
357.000
320.000
324.000
376.000
323.000
348.000
322.000
350.000
333.000
342.000
311.000
326.000
319.000
290.000
321.000
322.000
301.000
299.000
305.000
315.000
327.000
302.000
307.000
315.000
316.000
304.000
312.000
293.000
290.000
295.000
285.000
262.000
290.000
298.000
288.000
264.000
279.000
302.000
286.000
273.000
277.000
269.000
271.000
263.000
258.000
286.000
270.000
243.000
254.000
242.000
258.000
269.000
250.000
244.000
231.000
253.000
249.000
245.000
244.000
230.000
226.000
251.000
229.000
246.000
250.000
247.000
233.000
244.000
252.000
248.000
234.000
218.000
193.000
223.000
233.000
213.000
220.000
224.000
207.000
209.000
217.000
211.000
236.000
201.000
208.000
217.000
199.000
221.000
192.000
197.000
226.000
206.000
213.000
195.000
177.000
203.000
184.000
199.000
182.000
193.000
220.000
201.000
196.000
195.000
211.000
186.000
169.000
233.000
208.000
173.000
181.000
195.000
171.000
173.000
200.000
189.000
188.000
176.000
171.000
173.000
177.000
144.000
165.000
160.000
161.000
164.000
177.000
165.000
174.000
188.000
158.000
187.000
146.000
166.000
150.000
154.000
165.000
168.000
144.000
160.000
155.000
150.000
150.000
165.000
168.000
180.000
152.000
132.000
151.000
170.000
131.000
150.000
158.000
155.000
133.000
145.000
177.000
140.000
113.000
136.000
156.000
159.000
141.000
134.000
138.000
148.000
141.000
119.000
113.000
153.000
128.000
126.000
129.000
123.000
120.000
144.000
126.000
145.000
110.000
126.000
120.000
134.000
128.000
136.000
98.000
109.000
92.000
114.000
113.000
116.000
121.000
127.000
120.000
113.000
142.000
105.000
113.000
100.000
133.000
113.000
134.000
117.000
110.000
117.000
105.000
104.000
99.000
100.000
124.000
106.000
121.000
100.000
109.000
106.000
97.000
103.000
109.000
117.000
89.000
101.000
112.000
91.000
106.000
100.000
118.000
86.000
90.000
88.000
87.000
99.000
95.000
77.000
97.000
80.000
99.000
92.000
76.000
78.000
106.000
88.000
92.000
87.000
96.000
85.000
101.000
97.000
89.000
96.000
94.000
88.000
91.000
83.000
66.000
77.000
97.000
95.000
91.000
85.000
76.000
73.000
84.000
87.000
91.000
75.000
70.000
74.000
82.000
71.000
65.000
71.000
104.000
60.000
74.000
73.000
78.000
80.000
81.000
63.000
72.000
50.000
70.000
80.000
78.000
78.000
64.000
71.000
81.000
73.000
71.000
73.000
67.000
66.000
79.000
75.000
74.000
69.000
65.000
63.000
70.000
61.000
70.000
70.000
67.000
57.000
77.000
69.000
61.000
66.000
66.000
67.000
69.000
65.000
58.000
58.000
42.000
65.000
59.000
52.000
59.000
67.000
55.000
47.000
53.000
54.000
66.000
47.000
55.000
60.000
45.000
44.000
51.000
58.000
54.000
52.000
57.000
51.000
65.000
53.000
56.000
43.000
43.000
52.000
51.000
42.000
49.000
48.000
48.000
56.000
49.000
46.000
51.000
45.000
54.000
43.000
44.000
52.000
52.000
46.000
53.000
36.000
49.000
45.000
46.000
53.000
39.000
41.000
46.000
47.000
32.000
34.000
34.000
46.000
42.000
38.000
55.000
57.000
41.000
44.000
39.000
42.000
52.000
43.000
42.000
28.000
33.000
37.000
39.000
37.000
47.000
52.000
44.000
45.000
44.000
39.000
44.000
39.000
39.000
36.000
32.000
48.000
33.000
32.000
35.000
31.000
40.000
45.000
32.000
29.000
40.000
28.000
36.000
31.000
39.000
36.000
31.000
28.000
37.000
37.000
35.000
35.000
29.000
37.000
40.000
37.000
27.000
21.000
36.000
32.000
34.000
31.000
33.000
34.000
34.000
35.000
35.000
36.000
33.000
35.000
29.000
27.000
27.000
33.000
27.000
24.000
30.000
27.000
29.000
25.000
32.000
25.000
36.000
24.000
31.000
24.000
24.000
25.000
24.000
27.000
41.000
29.000
31.000
30.000
35.000
25.000
33.000
23.000
36.000
32.000
22.000
36.000
17.000
29.000
28.000
31.000
26.000
22.000
27.000
25.000
25.000
20.000
18.000
28.000
22.000
24.000
21.000
25.000
17.000
24.000
31.000
28.000
21.000
19.000
20.000
21.000
25.000
34.000
12.000
24.000
24.000
29.000
20.000
21.000
18.000
17.000
19.000
19.000
14.000
28.000
18.000
20.000
24.000
14.000
20.000
18.000
20.000
30.000
22.000
24.000
23.000
14.000
16.000
19.000
29.000
8.000
18.000
13.000
20.000
24.000
23.000
22.000
17.000
12.000
18.000
23.000
13.000
6.000
11.000
16.000
16.000
15.000
12.000
21.000
19.000
24.000
19.000
23.000
20.000
10.000
17.000
23.000
16.000
18.000
19.000
11.000
16.000
17.000
14.000
11.000
14.000
16.000
14.000
13.000
23.000
16.000
12.000
15.000
10.000
14.000
15.000
18.000
17.000
16.000
17.000
12.000
18.000
8.000
16.000
15.000
17.000
15.000
14.000
13.000
12.000
5.000
14.000
11.000
10.000
15.000
21.000
6.000
12.000
22.000
14.000
15.000
13.000
17.000
16.000
13.000
11.000
9.000
8.000
0.000
0.000
0.000
0.000
0.000
0.000
0.000
0.000
0.000
0.000
0.000
0.000
0.000
0.000
0.000
0.000
0.000
0.000
0.000
0.000
0.000
0.000
0.000
0.000
0.000
0.000
0.000
0.000
0.000
0.000
0.000
0.000
0.000
0.000
0.000
0.000
0.000
0.000
0.000
0.000
0.000
0.000
0.000
0.000
0.000
0.000
0.000
0.000
0.000
0.000
0.000
0.000
0.000
0.000
0.000
0.000
0.000
0.000
0.000
0.000
0.000
0.000
0.000
0.000
0.000
0.000
0.000
0.000
0.000
0.000
0.000
0.000
0.000
0.000
0.000
0.000
0.000
0.000
0.000
0.000
0.000
0.000
0.000
0.000
0.000
0.000
0.000
0.000
0.000
0.000
0.000
0.000
0.000
0.000
0.000
0.000
0.000
0.000
0.000
0.000
0.000
0.000
0.000
0.000
0.000
0.000
0.000
0.000
0.000
0.000
0.000
0.000
0.000
0.000
0.000
0.000
0.000
0.000
0.000
0.000
0.000
0.000
0.000
0.000
0.000
0.000
0.000
0.000
0.000
0.000
0.000
0.000
0.000
0.000
0.000
0.000
0.000
0.000
0.000
0.000
0.000
0.000
0.000
0.000
0.000
0.000
0.000
0.000
0.000
0.000
0.000
0.000
0.000
0.000
0.000
0.000
0.000
0.000
0.000
0.000
0.000
0.000
0.000
0.000
0.000
0.000
0.000
0.000
0.000
0.000
0.000
0.000
0.000
0.000
0.000
0.000
0.000
0.000
0.000
0.000
0.000
0.000
0.000
0.000
0.000
0.000
0.000
0.000
3.000
2.000
5.000
4.000
7.000
7.000
7.000
7.000
2.000
2.000
5.000
8.000
7.000
3.000
8.000
5.000
6.000
3.000
7.000
6.000
7.000
3.000
5.000
7.000
7.000
9.000
15.000
20.000
38.000
75.000
147.000
246.000
521.000
959.000
1591.000
2633.000
4155.000
6573.000
9855.000
14324.000
19909.000
26387.000
34369.000
42632.000
51430.000
59131.000
66246.000
71223.000
74162.000
73967.000
71832.000
66433.000
60051.000
52071.000
43343.000
34865.000
26798.000
20190.000
14721.000
10423.000
7133.000
4746.000
2974.000
1970.000
1282.000
825.000
644.000
464.000
370.000
362.000
304.000
320.000
303.000
307.000
305.000
322.000
318.000
332.000
334.000
297.000
309.000
325.000
300.000
282.000
304.000
298.000
303.000
284.000
267.000
296.000
273.000
299.000
290.000
307.000
309.000
300.000
262.000
292.000
271.000
269.000
276.000
267.000
255.000
258.000
279.000
258.000
261.000
282.000
270.000
271.000
271.000
268.000
261.000
231.000
266.000
250.000
261.000
261.000
256.000
257.000
218.000
257.000
242.000
233.000
217.000
261.000
215.000
242.000
219.000
251.000
233.000
219.000
227.000
232.000
220.000
217.000
216.000
240.000
238.000
208.000
199.000
218.000
222.000
222.000
233.000
210.000
223.000
193.000
213.000
194.000
211.000
228.000
207.000
204.000
198.000
185.000
220.000
187.000
209.000
207.000
199.000
245.000
212.000
221.000
208.000
201.000
196.000
177.000
208.000
196.000
189.000
194.000
183.000
172.000
190.000
200.000
185.000
194.000
184.000
188.000
184.000
192.000
182.000
182.000
173.000
174.000
188.000
176.000
182.000
155.000
171.000
167.000
171.000
169.000
177.000
141.000
159.000
162.000
142.000
168.000
154.000
159.000
182.000
171.000
138.000
168.000
140.000
153.000
159.000
148.000
176.000
149.000
157.000
136.000
165.000
129.000
186.000
130.000
145.000
119.000
134.000
155.000
159.000
127.000
139.000
154.000
137.000
124.000
138.000
136.000
125.000
144.000
161.000
140.000
128.000
149.000
133.000
124.000
147.000
139.000
106.000
125.000
163.000
132.000
136.000
125.000
142.000
118.000
132.000
118.000
141.000
134.000
117.000
113.000
104.000
145.000
117.000
127.000
106.000
116.000
123.000
121.000
115.000
119.000
103.000
122.000
127.000
94.000
114.000
111.000
121.000
107.000
101.000
109.000
117.000
117.000
118.000
119.000
107.000
113.000
95.000
105.000
96.000
93.000
109.000
113.000
97.000
89.000
112.000
104.000
102.000
73.000
98.000
97.000
99.000
105.000
98.000
101.000
108.000
108.000
86.000
100.000
75.000
89.000
85.000
100.000
83.000
98.000
92.000
72.000
84.000
95.000
80.000
89.000
92.000
87.000
99.000
103.000
91.000
97.000
92.000
83.000
91.000
81.000
90.000
82.000
84.000
85.000
72.000
72.000
79.000
95.000
85.000
74.000
75.000
67.000
78.000
78.000
88.000
77.000
75.000
82.000
78.000
76.000
76.000
76.000
63.000
68.000
82.000
75.000
72.000
69.000
68.000
70.000
74.000
71.000
60.000
85.000
72.000
80.000
70.000
73.000
65.000
65.000
52.000
70.000
61.000
64.000
60.000
56.000
60.000
56.000
70.000
61.000
68.000
72.000
50.000
79.000
59.000
66.000
74.000
58.000
62.000
61.000
63.000
58.000
60.000
50.000
53.000
53.000
63.000
45.000
59.000
55.000
47.000
50.000
54.000
59.000
50.000
56.000
71.000
43.000
63.000
64.000
48.000
52.000
59.000
49.000
56.000
62.000
60.000
43.000
49.000
56.000
52.000
46.000
57.000
51.000
53.000
53.000
45.000
42.000
39.000
45.000
50.000
51.000
41.000
47.000
58.000
43.000
45.000
48.000
39.000
53.000
43.000
45.000
40.000
38.000
51.000
42.000
41.000
44.000
40.000
36.000
34.000
54.000
46.000
44.000
33.000
34.000
47.000
44.000
52.000
46.000
41.000
30.000
42.000
40.000
33.000
48.000
44.000
36.000
37.000
33.000
27.000
43.000
40.000
41.000
37.000
36.000
46.000
41.000
31.000
36.000
34.000
40.000
50.000
31.000
38.000
32.000
30.000
45.000
37.000
42.000
33.000
33.000
28.000
37.000
33.000
45.000
45.000
32.000
35.000
38.000
34.000
30.000
33.000
30.000
36.000
38.000
36.000
26.000
33.000
29.000
35.000
21.000
37.000
29.000
34.000
25.000
30.000
30.000
34.000
28.000
26.000
25.000
29.000
23.000
31.000
37.000
44.000
22.000
29.000
24.000
30.000
24.000
31.000
25.000
22.000
38.000
20.000
26.000
18.000
32.000
23.000
34.000
23.000
27.000
30.000
27.000
31.000
22.000
15.000
27.000
23.000
26.000
29.000
21.000
25.000
29.000
24.000
35.000
20.000
26.000
31.000
25.000
22.000
23.000
31.000
28.000
29.000
23.000
23.000
19.000
18.000
34.000
18.000
24.000
14.000
28.000
25.000
19.000
20.000
13.000
17.000
27.000
17.000
19.000
28.000
19.000
20.000
16.000
18.000
16.000
29.000
18.000
27.000
21.000
18.000
27.000
19.000
12.000
18.000
24.000
18.000
23.000
17.000
21.000
19.000
23.000
19.000
18.000
19.000
19.000
16.000
15.000
16.000
25.000
16.000
14.000
16.000
16.000
15.000
17.000
12.000
21.000
22.000
19.000
22.000
17.000
16.000
14.000
15.000
22.000
20.000
13.000
17.000
11.000
15.000
15.000
17.000
18.000
17.000
21.000
17.000
21.000
16.000
13.000
18.000
13.000
10.000
7.000
20.000
12.000
12.000
13.000
17.000
13.000
19.000
15.000
14.000
11.000
21.000
18.000
20.000
16.000
13.000
16.000
8.000
18.000
14.000
12.000
17.000
12.000
10.000
7.000
11.000
13.000
14.000
12.000
10.000
13.000
18.000
15.000
18.000
23.000
15.000
14.000
16.000
8.000
9.000
11.000
11.000
7.000
9.000
12.000
17.000
13.000
15.000
21.000
13.000
10.000
17.000
18.000
9.000
16.000
11.000
6.000
11.000
6.000
11.000
7.000
16.000
10.000
12.000
10.000
10.000
9.000
9.000
11.000
14.000
11.000
7.000
12.000
11.000
12.000
12.000
17.000
8.000
5.000
4.000
10.000
16.000
11.000
15.000
11.000
9.000
12.000
11.000
17.000
14.000
15.000
10.000
12.000
7.000
8.000
7.000
13.000
9.000
12.000
5.000
9.000
7.000
5.000
4.000
5.000
7.000
8.000
12.000
7.000
12.000
7.000
5.000
9.000
8.000
5.000
13.000
12.000
3.000
7.000
12.000
6.000
5.000
9.000
5.000
5.000
7.000
4.000
8.000
9.000
8.000
7.000
5.000
6.000
5.000
8.000
11.000
9.000
10.000
4.000
12.000
6.000
7.000
6.000
6.000
7.000
10.000
9.000
10.000
13.000
5.000
8.000
8.000
5.000
6.000
7.000
9.000
6.000
5.000
11.000
6.000
4.000
6.000
6.000
13.000
4.000
10.000
4.000
5.000
5.000
9.000
7.000
8.000
3.000
9.000
6.000
5.000
3.000
10.000
4.000
6.000
6.000
9.000
7.000
3.000
10.000
5.000
6.000
2.000
3.000
4.000
3.000
3.000
5.000
6.000
1.000
0.000
0.000
0.000
0.000
0.000
0.000
0.000
0.000
0.000
0.000
0.000
0.000
0.000
0.000
0.000
0.000
0.000
0.000
0.000
0.000
0.000
0.000
0.000
0.000
0.000
0.000
0.000
0.000
0.000
0.000
0.000
0.000
0.000
0.000
0.000
0.000
0.000
0.000
0.000
0.000
0.000
0.000
0.000
0.000
0.000
0.000
0.000
0.000
0.000
0.000
0.000
0.000
0.000
0.000
0.000
0.000
0.000
0.000
0.000
0.000
0.000
0.000
0.000
0.000
0.000
0.000
0.000
0.000
0.000
0.000
0.000
0.000
0.000
0.000
0.000
0.000
0.000
0.000
0.000
0.000
0.000
0.000
0.000
0.000
0.000
0.000
0.000
0.000
0.000
0.000
0.000
0.000
0.000
0.000
0.000
0.000
0.000
0.000
0.000
0.000
0.000
0.000
0.000
0.000
0.000
0.000
0.000
0.000
0.000
0.000
0.000
0.000
0.000
0.000
0.000
0.000
0.000
0.000
0.000
0.000
0.000
0.000
0.000
0.000
0.000
0.000
0.000
0.000
0.000
0.000
0.000
0.000
0.000
0.000
0.000
0.000
0.000
0.000
0.000
0.000
0.000
0.000
0.000
0.000
0.000
0.000
0.000
0.000
0.000
0.000
0.000
0.000
0.000
0.000
0.000
0.000
0.000
0.000
0.000
0.000
0.000
0.000
0.000
0.000
0.000
0.000
0.000
0.000
0.000
0.000
0.000
0.000
0.000
0.000
0.000
0.000
0.000
0.000
0.000
0.000
0.000
0.000
0.000
0.000
0.000
0.000
0.000
0.000
