24.000
26.000
19.000
19.000
20.000
20.000
23.000
31.000
22.000
21.000
17.000
15.000
26.000
21.000
20.000
17.000
21.000
24.000
25.000
17.000
19.000
28.000
25.000
21.000
16.000
23.000
31.000
42.000
63.000
91.000
202.000
363.000
681.000
1184.000
2137.000
3501.000
5750.000
8817.000
13064.000
18848.000
26517.000
35388.000
45588.000
57022.000
68051.000
79611.000
88934.000
95586.000
99093.000
99249.000
96480.000
90044.000
81344.000
70170.000
58729.000
47349.000
37118.000
28334.000
20639.000
14975.000
10494.000
7205.000
5114.000
3717.000
2792.000
2204.000
1960.000
1753.000
1615.000
1545.000
1460.000
1547.000
1504.000
1418.000
1445.000
1490.000
1410.000
1429.000
1452.000
1339.000
1404.000
1412.000
1430.000
1367.000
1338.000
1396.000
1453.000
1416.000
1354.000
1267.000
1360.000
1443.000
1303.000
1365.000
1316.000
1263.000
1319.000
1259.000
1331.000
1339.000
1261.000
1266.000
1233.000
1263.000
1205.000
1231.000
1278.000
1282.000
1196.000
1235.000
1204.000
1214.000
1250.000
1253.000
1201.000
1201.000
1170.000
1217.000
1201.000
1164.000
1169.000
1120.000
1099.000
1127.000
1110.000
1063.000
1094.000
1128.000
1069.000
1058.000
1106.000
1079.000
1129.000
1045.000
1037.000
1050.000
1060.000
1003.000
1120.000
1049.000
1027.000
987.000
1022.000
1018.000
964.000
966.000
1050.000
1011.000
1016.000
937.000
957.000
981.000
988.000
945.000
934.000
927.000
911.000
941.000
930.000
933.000
940.000
930.000
955.000
930.000
940.000
913.000
859.000
887.000
915.000
825.000
880.000
851.000
800.000
871.000
806.000
847.000
892.000
847.000
843.000
814.000
820.000
853.000
780.000
801.000
823.000
826.000
817.000
779.000
784.000
707.000
773.000
789.000
763.000
772.000
764.000
758.000
736.000
756.000
718.000
754.000
742.000
721.000
726.000
761.000
708.000
696.000
731.000
738.000
650.000
719.000
723.000
666.000
658.000
726.000
685.000
675.000
670.000
706.000
638.000
602.000
681.000
590.000
622.000
626.000
653.000
633.000
641.000
624.000
638.000
640.000
607.000
634.000
614.000
597.000
583.000
577.000
601.000
593.000
588.000
582.000
585.000
548.000
570.000
602.000
548.000
580.000
579.000
557.000
605.000
574.000
540.000
590.000
567.000
577.000
596.000
502.000
535.000
548.000
501.000
536.000
552.000
548.000
524.000
510.000
493.000
514.000
514.000
512.000
487.000
519.000
469.000
496.000
466.000
500.000
493.000
457.000
451.000
482.000
494.000
473.000
466.000
491.000
465.000
501.000
450.000
430.000
427.000
489.000
431.000
471.000
474.000
440.000
472.000
450.000
414.000
457.000
414.000
442.000
432.000
413.000
445.000
403.000
430.000
443.000
402.000
442.000
404.000
433.000
386.000
365.000
407.000
355.000
403.000
414.000
409.000
408.000
420.000
384.000
366.000
403.000
358.000
353.000
362.000
383.000
356.000
329.000
394.000
395.000
329.000
327.000
372.000
356.000
348.000
357.000
326.000
370.000
354.000
336.000
323.000
332.000
346.000
315.000
346.000
320.000
327.000
292.000
344.000
293.000
339.000
300.000
349.000
334.000
333.000
263.000
307.000
313.000
273.000
329.000
328.000
282.000
305.000
299.000
323.000
325.000
328.000
281.000
287.000
297.000
303.000
282.000
289.000
275.000
294.000
280.000
276.000
259.000
269.000
297.000
277.000
291.000
244.000
283.000
241.000
271.000
282.000
234.000
251.000
257.000
283.000
238.000
253.000
237.000
235.000
243.000
222.000
267.000
240.000
241.000
231.000
263.000
247.000
235.000
236.000
234.000
241.000
262.000
214.000
252.000
225.000
219.000
240.000
241.000
207.000
250.000
225.000
181.000
246.000
235.000
214.000
212.000
214.000
233.000
229.000
212.000
206.000
208.000
231.000
199.000
246.000
192.000
198.000
222.000
227.000
185.000
221.000
174.000
215.000
211.000
187.000
212.000
216.000
201.000
207.000
195.000
189.000
202.000
188.000
189.000
183.000
204.000
172.000
178.000
174.000
165.000
199.000
177.000
183.000
186.000
172.000
167.000
186.000
172.000
154.000
182.000
175.000
151.000
190.000
200.000
143.000
193.000
166.000
167.000
168.000
177.000
157.000
162.000
142.000
167.000
157.000
153.000
153.000
175.000
157.000
167.000
155.000
155.000
156.000
154.000
167.000
151.000
123.000
148.000
155.000
140.000
141.000
151.000
141.000
157.000
148.000
141.000
138.000
134.000
128.000
131.000
128.000
145.000
140.000
128.000
128.000
135.000
137.000
123.000
162.000
115.000
147.000
126.000
140.000
128.000
125.000
129.000
142.000
139.000
125.000
118.000
117.000
115.000
127.000
117.000
138.000
115.000
121.000
105.000
143.000
128.000
120.000
118.000
116.000
117.000
126.000
112.000
104.000
104.000
119.000
127.000
114.000
116.000
108.000
108.000
109.000
97.000
89.000
112.000
103.000
108.000
87.000
111.000
113.000
112.000
112.000
90.000
103.000
103.000
104.000
86.000
103.000
92.000
103.000
90.000
97.000
99.000
94.000
93.000
92.000
83.000
105.000
103.000
100.000
101.000
95.000
89.000
91.000
88.000
91.000
94.000
90.000
97.000
84.000
87.000
94.000
77.000
85.000
95.000
98.000
93.000
82.000
69.000
83.000
89.000
82.000
77.000
82.000
72.000
74.000
78.000
68.000
76.000
82.000
74.000
79.000
81.000
58.000
79.000
68.000
70.000
78.000
78.000
78.000
72.000
61.000
74.000
83.000
68.000
66.000
74.000
82.000
92.000
72.000
61.000
70.000
86.000
90.000
72.000
79.000
69.000
76.000
66.000
66.000
74.000
62.000
67.000
69.000
86.000
62.000
75.000
54.000
59.000
54.000
66.000
59.000
75.000
63.000
64.000
69.000
60.000
66.000
71.000
61.000
56.000
37.000
54.000
70.000
65.000
59.000
60.000
57.000
56.000
53.000
58.000
54.000
62.000
41.000
60.000
54.000
63.000
58.000
46.000
43.000
53.000
66.000
54.000
49.000
52.000
56.000
56.000
65.000
51.000
63.000
65.000
45.000
43.000
49.000
42.000
53.000
40.000
54.000
40.000
56.000
51.000
55.000
43.000
47.000
49.000
39.000
56.000
57.000
47.000
62.000
46.000
41.000
45.000
47.000
35.000
52.000
46.000
45.000
45.000
36.000
49.000
43.000
44.000
36.000
48.000
42.000
46.000
43.000
49.000
48.000
44.000
51.000
40.000
39.000
42.000
42.000
57.000
47.000
32.000
38.000
43.000
42.000
31.000
28.000
44.000
36.000
44.000
41.000
46.000
32.000
36.000
31.000
32.000
38.000
39.000
25.000
39.000
45.000
44.000
34.000
27.000
29.000
23.000
26.000
31.000
39.000
36.000
31.000
29.000
31.000
38.000
27.000
34.000
30.000
26.000
32.000
36.000
27.000
34.000
29.000
33.000
45.000
28.000
29.000
24.000
26.000
38.000
32.000
22.000
26.000
36.000
29.000
26.000
34.000
38.000
23.000
35.000
27.000
33.000
24.000
27.000
33.000
22.000
28.000
33.000
24.000
17.000
24.000
25.000
37.000
25.000
24.000
25.000
24.000
24.000
19.000
31.000
26.000
20.000
23.000
16.000
25.000
28.000
29.000
28.000
21.000
25.000
34.000
22.000
31.000
25.000
19.000
29.000
24.000
26.000
21.000
23.000
23.000
11.000
0.000
0.000
0.000
0.000
0.000
0.000
0.000
0.000
0.000
0.000
0.000
0.000
0.000
0.000
0.000
0.000
0.000
0.000
0.000
0.000
0.000
0.000
0.000
0.000
0.000
0.000
0.000
0.000
0.000
0.000
0.000
0.000
0.000
0.000
0.000
0.000
0.000
0.000
0.000
0.000
0.000
0.000
0.000
0.000
0.000
0.000
0.000
0.000
0.000
0.000
0.000
0.000
0.000
0.000
0.000
0.000
0.000
0.000
0.000
0.000
0.000
0.000
0.000
0.000
0.000
0.000
0.000
0.000
0.000
0.000
0.000
0.000
0.000
0.000
0.000
0.000
0.000
0.000
0.000
0.000
0.000
0.000
0.000
0.000
0.000
0.000
0.000
0.000
0.000
0.000
0.000
0.000
0.000
0.000
0.000
0.000
0.000
0.000
0.000
0.000
0.000
0.000
0.000
0.000
0.000
0.000
0.000
0.000
0.000
0.000
0.000
0.000
0.000
0.000
0.000
0.000
0.000
0.000
0.000
0.000
0.000
0.000
0.000
0.000
0.000
0.000
0.000
0.000
0.000
0.000
0.000
0.000
0.000
0.000
0.000
0.000
0.000
0.000
0.000
0.000
0.000
0.000
0.000
0.000
0.000
0.000
0.000
0.000
0.000
0.000
0.000
0.000
0.000
0.000
0.000
0.000
0.000
0.000
0.000
0.000
0.000
0.000
0.000
0.000
0.000
0.000
0.000
0.000
0.000
0.000
0.000
0.000
0.000
0.000
0.000
0.000
0.000
0.000
0.000
0.000
0.000
0.000
0.000
0.000
0.000
0.000
0.000
0.000
13.000
9.000
8.000
10.000
13.000
7.000
13.000
9.000
8.000
9.000
10.000
9.000
7.000
8.000
11.000
8.000
5.000
5.000
3.000
11.000
11.000
6.000
6.000
4.000
10.000
11.000
19.000
19.000
36.000
81.000
169.000
277.000
535.000
872.000
1553.000
2722.000
4133.000
6582.000
9749.000
14404.000
19799.000
26238.000
34233.000
42683.000
51214.000
59342.000
66370.000
71484.000
74676.000
74547.000
71722.000
66973.000
59854.000
52194.000
43553.000
35296.000
27431.000
20693.000
14722.000
10455.000
7233.000
4921.000
3402.000
2215.000
1496.000
1078.000
825.000
727.000
655.000
598.000
608.000
629.000
599.000
568.000
568.000
565.000
572.000
544.000
587.000
561.000
519.000
550.000
537.000
537.000
505.000
527.000
529.000
534.000
506.000
506.000
526.000
492.000
539.000
532.000
531.000
490.000
485.000
500.000
536.000
461.000
504.000
503.000
476.000
518.000
469.000
484.000
443.000
506.000
507.000
480.000
495.000
495.000
464.000
456.000
480.000
449.000
492.000
458.000
488.000
465.000
469.000
437.000
466.000
445.000
441.000
482.000
444.000
426.000
426.000
432.000
414.000
410.000
414.000
420.000
451.000
390.000
401.000
401.000
432.000
409.000
363.000
372.000
385.000
404.000
382.000
379.000
416.000
365.000
386.000
403.000
409.000
350.000
371.000
343.000
394.000
359.000
384.000
373.000
346.000
351.000
322.000
355.000
336.000
345.000
355.000
343.000
356.000
352.000
345.000
342.000
346.000
347.000
348.000
329.000
303.000
381.000
349.000
328.000
374.000
318.000
331.000
323.000
311.000
316.000
320.000
321.000
321.000
321.000
343.000
323.000
304.000
314.000
261.000
305.000
274.000
294.000
304.000
303.000
294.000
274.000
260.000
274.000
281.000
310.000
280.000
285.000
253.000
276.000
288.000
295.000
281.000
265.000
268.000
278.000
240.000
290.000
257.000
254.000
273.000
298.000
268.000
250.000
233.000
253.000
236.000
234.000
233.000
225.000
250.000
237.000
284.000
264.000
244.000
232.000
257.000
217.000
226.000
272.000
238.000
236.000
220.000
224.000
221.000
221.000
238.000
213.000
220.000
245.000
223.000
200.000
219.000
243.000
217.000
215.000
224.000
232.000
219.000
203.000
194.000
205.000
207.000
240.000
202.000
196.000
205.000
207.000
247.000
213.000
191.000
219.000
198.000
171.000
205.000
198.000
212.000
195.000
205.000
199.000
163.000
180.000
177.000
205.000
160.000
184.000
186.000
189.000
184.000
185.000
163.000
176.000
167.000
174.000
179.000
211.000
181.000
174.000
164.000
152.000
170.000
177.000
172.000
183.000
161.000
154.000
170.000
167.000
166.000
171.000
161.000
152.000
160.000
158.000
165.000
163.000
126.000
142.000
130.000
171.000
166.000
139.000
173.000
147.000
162.000
140.000
156.000
135.000
151.000
148.000
158.000
152.000
127.000
138.000
144.000
135.000
146.000
126.000
142.000
112.000
130.000
118.000
159.000
130.000
139.000
122.000
131.000
134.000
128.000
130.000
145.000
134.000
151.000
125.000
141.000
128.000
117.000
119.000
139.000
111.000
114.000
119.000
136.000
119.000
111.000
116.000
120.000
111.000
116.000
133.000
123.000
109.000
113.000
126.000
111.000
116.000
105.000
96.000
102.000
122.000
110.000
88.000
120.000
120.000
90.000
98.000
87.000
116.000
116.000
121.000
98.000
99.000
91.000
96.000
112.000
108.000
105.000
116.000
96.000
92.000
122.000
111.000
98.000
87.000
106.000
90.000
92.000
89.000
103.000
100.000
100.000
93.000
101.000
90.000
91.000
89.000
107.000
97.000
104.000
83.000
91.000
94.000
85.000
96.000
82.000
103.000
79.000
90.000
86.000
99.000
83.000
84.000
80.000
90.000
78.000
108.000
72.000
76.000
77.000
80.000
68.000
87.000
97.000
67.000
76.000
67.000
83.000
72.000
81.000
89.000
81.000
77.000
76.000
85.000
83.000
72.000
80.000
64.000
73.000
53.000
72.000
75.000
86.000
88.000
73.000
68.000
76.000
69.000
75.000
64.000
84.000
73.000
75.000
64.000
67.000
79.000
71.000
62.000
63.000
55.000
71.000
63.000
44.000
62.000
55.000
75.000
69.000
68.000
60.000
69.000
65.000
65.000
75.000
53.000
56.000
58.000
56.000
69.000
76.000
60.000
54.000
52.000
61.000
56.000
48.000
51.000
61.000
58.000
48.000
48.000
55.000
53.000
62.000
53.000
39.000
56.000
57.000
45.000
48.000
45.000
60.000
52.000
52.000
51.000
44.000
60.000
65.000
50.000
47.000
45.000
56.000
50.000
51.000
59.000
45.000
52.000
46.000
41.000
55.000
43.000
44.000
45.000
45.000
39.000
46.000
44.000
40.000
48.000
52.000
48.000
59.000
42.000
32.000
48.000
50.000
35.000
49.000
48.000
47.000
48.000
48.000
42.000
36.000
46.000
35.000
42.000
39.000
35.000
38.000
47.000
45.000
31.000
42.000
33.000
44.000
47.000
30.000
34.000
47.000
36.000
32.000
32.000
39.000
33.000
37.000
35.000
39.000
38.000
37.000
35.000
34.000
52.000
35.000
38.000
32.000
33.000
30.000
38.000
28.000
31.000
36.000
41.000
33.000
38.000
28.000
31.000
45.000
24.000
40.000
31.000
40.000
43.000
36.000
35.000
29.000
36.000
36.000
18.000
39.000
31.000
40.000
32.000
33.000
32.000
34.000
31.000
33.000
26.000
26.000
23.000
27.000
37.000
38.000
36.000
21.000
34.000
28.000
36.000
23.000
25.000
28.000
36.000
36.000
36.000
31.000
30.000
24.000
28.000
20.000
29.000
33.000
29.000
32.000
30.000
18.000
21.000
25.000
31.000
28.000
22.000
28.000
21.000
25.000
15.000
29.000
21.000
25.000
21.000
20.000
29.000
22.000
24.000
33.000
23.000
19.000
29.000
19.000
19.000
19.000
28.000
20.000
22.000
22.000
20.000
24.000
13.000
24.000
24.000
21.000
13.000
14.000
15.000
22.000
22.000
15.000
10.000
26.000
27.000
12.000
16.000
16.000
24.000
21.000
31.000
23.000
30.000
14.000
22.000
19.000
24.000
21.000
23.000
17.000
12.000
20.000
23.000
16.000
19.000
25.000
21.000
24.000
16.000
21.000
12.000
16.000
23.000
21.000
25.000
17.000
20.000
15.000
11.000
13.000
11.000
18.000
18.000
15.000
20.000
10.000
17.000
14.000
22.000
11.000
14.000
15.000
12.000
22.000
15.000
16.000
14.000
16.000
13.000
13.000
15.000
15.000
16.000
11.000
14.000
14.000
16.000
15.000
14.000
14.000
13.000
12.000
13.000
18.000
11.000
15.000
19.000
14.000
13.000
14.000
20.000
20.000
12.000
13.000
17.000
13.000
20.000
17.000
8.000
11.000
16.000
19.000
15.000
20.000
14.000
20.000
11.000
15.000
15.000
9.000
14.000
5.000
13.000
7.000
12.000
15.000
16.000
10.000
14.000
12.000
7.000
17.000
9.000
15.000
12.000
20.000
6.000
15.000
11.000
12.000
7.000
14.000
19.000
11.000
9.000
10.000
16.000
10.000
11.000
6.000
7.000
7.000
12.000
17.000
7.000
11.000
10.000
13.000
8.000
11.000
6.000
6.000
9.000
12.000
8.000
0.000
0.000
0.000
0.000
0.000
0.000
0.000
0.000
0.000
0.000
0.000
0.000
0.000
0.000
0.000
0.000
0.000
0.000
0.000
0.000
0.000
0.000
0.000
0.000
0.000
0.000
0.000
0.000
0.000
0.000
0.000
0.000
0.000
0.000
0.000
0.000
0.000
0.000
0.000
0.000
0.000
0.000
0.000
0.000
0.000
0.000
0.000
0.000
0.000
0.000
0.000
0.000
0.000
0.000
0.000
0.000
0.000
0.000
0.000
0.000
0.000
0.000
0.000
0.000
0.000
0.000
0.000
0.000
0.000
0.000
0.000
0.000
0.000
0.000
0.000
0.000
0.000
0.000
0.000
0.000
0.000
0.000
0.000
0.000
0.000
0.000
0.000
0.000
0.000
0.000
0.000
0.000
0.000
0.000
0.000
0.000
0.000
0.000
0.000
0.000
0.000
0.000
0.000
0.000
0.000
0.000
0.000
0.000
0.000
0.000
0.000
0.000
0.000
0.000
0.000
0.000
0.000
0.000
0.000
0.000
0.000
0.000
0.000
0.000
0.000
0.000
0.000
0.000
0.000
0.000
0.000
0.000
0.000
0.000
0.000
0.000
0.000
0.000
0.000
0.000
0.000
0.000
0.000
0.000
0.000
0.000
0.000
0.000
0.000
0.000
0.000
0.000
0.000
0.000
0.000
0.000
0.000
0.000
0.000
0.000
0.000
0.000
0.000
0.000
0.000
0.000
0.000
0.000
0.000
0.000
0.000
0.000
0.000
0.000
0.000
0.000
0.000
0.000
0.000
0.000
0.000
0.000
0.000
0.000
0.000
0.000
0.000
0.000
